%%
0.0744583603189960
0.1512269659922452
0.1456607831103493
0.0170451243708075
0.0608763414947240
0.0952984562851137
0.0594877049049869
0.0254705902008401
-0.0572955233481834
0.0732439194407186
-0.0466486327160807
0.0058758275922742
-0.1523600338830281
-0.0073910415493594
0.0017141383441894
-0.0509279466363321
-0.0013436157366610
-0.0524961943086935
-0.1314515398078426
0.3513077719066784
-0.0325915349945042
-0.1377380598858785
0.2706560085681353
-0.3499879939782846
-0.1923429715605473
-0.0869598963238603
0.0145935358966461
0.2758277152606500
-0.1572432885225995
0.0709145435362215
-0.1833413422119156
0.0256014448972371
-0.0426505841042118
-0.0581949750803282
0.0233260959983557
0.3195465411804866
-0.1871263482678955
0.0264849892927697
0.0040942605047713
-0.0551948776235038
-0.0054052256749249
0.2516340457788792
-0.2923463529074915
-0.0917386741013960
-0.0800686924704735
0.0899124328732188
-0.0514642980353570
0.0149736927281008
-0.1021768009242798
0.0981321456483878
0.3038552226220544
0.1948100141596603
-0.0600155637879819
0.2387751887104740
-0.1708265206664004
0.0021146555054949
0.0161839318469336
-0.0538432585607731
0.0013343254900848
0.0767520872066621
-0.2283589031845892
-0.2137119714271916
-0.0087067435393495
0.0136546341370574
-0.6367262352300249
0.1694231407997289
0.0789730462348702
-0.0964226312234938
-0.1729420748072983
-0.0007838316714747
-0.1208508440733908
0.2857470603389329
-0.0691147695238061
0.1018322572858495
-0.2902212937236619
0.0219430773006976
0.0452165647479673
0.0192786007133160
-0.2391881808297572
-0.0440564787799906
-0.0232917460730290
0.0353362112756161
0.1837398604413542
-0.1793715058062740
0.0379954262903578
0.3737812353281124
0.3695057051013307
-0.3695007453666977
0.0254313415200663
0.0072254179778938
-0.2095794233001805
0.0321303707926949
0.3530002374959663
0.0245593200479193
-0.0690558578217582
0.0332832590935309
-0.0971694589740802
-0.0540375083613628
0.5659890071500429
0.0108115884131546
-0.5218943514765099
0.1047644986284965
-0.1501100407026620
-0.2793284163022184
0.0596239185907923
-0.2867872360187868
-0.2446869324976940
-0.0052168944387669
0.2896342713056489
-0.0069827795554718
0.3171403176203473
-0.0345444516368456
0.2177172843761719
0.0306181709443329
-0.1226541073872871
0.0606351506335620
-0.4995173678990210
-0.0903027632386217
0.2458921473697454
-0.1801312940826431
0.4402935575286346
-0.0090834380474466
-0.0436067921999079
0.0072747305302810
0.0900074440036165
-0.0307345285153007
-0.0066497371717286
-0.0074156401893073
-0.0060817895018813
-0.1740448418394561
-0.3899058385991647
0.0649543138465820
0.0359018825868399
-0.0939730518543168
-0.3067437886151603
0.0720667072209966
0.1836158517484051
0.2145826561610773
-0.0762324699979175
-0.0401150065211189
0.0290715284692667
0.0229329300897534
0.1958383777223927
0.1106475641111947
-0.1091729300822097
0.0090938895282449
0.0010797093451081
-0.0380915028078227
-0.0049561730619322
0.2251543662004596
-0.0241292172616278
0.0118651887369258
0.3064589572550520
-0.1188365888365964
0.0322474835222242
0.2893177930796988
0.0419497698670787
0.6866871696833269
-0.2755210831917465
0.0941359793875039
-0.4889426152245410
-0.1044535743864119
-0.0375847961201226
0.1465529135024120
0.1774059858970346
0.0637813629220913
0.0108081922826283
-0.0109729515972303
-0.0045001155260968
0.0037200375884577
0.0232790566953915
-0.0878951720718852
0.0612887586198448
0.0495244087547337
0.0118907687780265
-0.1942001607144468
0.0540345294790122
0.0104768491431727
-0.1934594548118372
0.0376333852179919
-0.2198994222487189
0.0429055305797140
-0.0078877687809343
0.1403669448865069
0.0979512948153948
0.0949294805238935
0.1754906615826816
0.1072970193750464
0.0833984701254056
-0.4440866517423187
0.0212475175892995
0.0648055565863546
-0.1165409203148941
-0.0317494393201031
0.1801885927296498
0.2013473952815212
0.1582208948719021
-0.0394902256388723
0.0041136799270221
0.0159903974300689
-0.4612609345723326
0.1059342540129920
-0.1937419579059386
-0.3874603046233739
-0.0352031966582867
0.0541861310145587
0.0239706404447926
0.0590263459508133
-0.0072596291556183
0.0068561066240535
0.9374040297207225
0.1625315092715503
0.0200368397622867
-0.1184220727095895
0.1610965286304938
-0.0628488402227440
-0.0116669885837812
-0.2420194481248527
0.0355113182039768
0.1841898614461256
0.0967947946169840
-0.1005204070265794
0.0104188498532524
0.0324221106878748
0.1392609123771283
-0.8608660941351803
-0.0355748036498740
0.0690211665634524
0.0254233980416027
-0.0810948515028871
-0.1967106484739841
0.0041367614786067
-0.0876978703129950
0.1395932510230946
0.0682982211835156
-0.0390073960930591
-0.0839187158790835
0.0639142694026216
0.2518664211586363
-0.0089581865752001
-0.0043413619635013
0.2399804784947808
-0.0060873090212014
0.5048820389976951
-0.5627319745208684
-0.0892224810656557
-0.1222546303229711
-0.0348534529401187
-0.0644369574273945
-0.0086406141814666
0.0461210578329466
-0.0105323249901865
-0.1052589444606094
0.0098461730809425
0.5650859135620134
-0.0109436030890091
-0.1061135604460994
0.2226336727540023
-0.0944154384151870
-0.0056371659329764
0.3244034706972063
0.1233944118423500
0.3199727866431966
0.1119936577271541
-0.1300630398949753
-0.0590137309086795
0.3112971649917931
0.0556109750901759
0.0578799754418902
0.3286672359775250
0.0052129091940222
-0.3335489532436614
-0.0053203896921947
0.0150299835370835
-0.0068074680471979
-0.2755716275836139
-0.1315285308776927
-0.2039708848446872
-0.0200845355855189
0.0400218009327880
0.0055351049901264
0.0037492367328911
0.0315174489676485
-0.2382751689918509
0.0297911224578058
-0.0004921870245905
0.0045335747480372
-0.0352123815681727
-0.3359998508244894
-0.0121065737445768
0.2585328083557480
-0.0792094593166267
0.0758886669904635
0.1304717014605566
-0.0140757985141411
0.1006861074750616
-0.2261574117518978
0.0103379747588114
0.0169899790315074
-0.1254002185831286
0.1066623075383714
-0.2194588406974409
0.3453370674868028
-0.1478658895489316
0.0650821036132266
-0.0062248940036984
-0.1706628124281331
-0.0880873289692172
-0.0952127375543106
0.0406552352217624
-0.0877662452378984
-0.0060214672944834
-0.1502187681335690
0.1194442243147974
0.3128192310060641
0.4440284782487928
-0.0648754565002130
-0.1361391314068392
0.1867499908254454
0.1619739048304971
0.2556803285985268
0.3121877927391111
0.1025997928588565
-0.0072005809410394
0.0229761056616206
-0.3061970784557170
0.1148067161718584
0.1986414564320121
0.2152788597400856
-0.0330369419394085
0.0699518636638560
-0.0006038323641791
-0.0693909121216965
-0.2059864348191833
-0.0910604536919694
0.1304192857617837
-0.0220960539328901
0.0096237106409254
0.0305628304541256
0.0548811139788366
0.1611395354200365
0.0616575454576623
-0.2977333571778355
-0.1020706382880563
0.4088699192234533
0.0110157544496216
0.0359405457900882
0.2942440346649132
0.0690337266960140
-0.0549190588548490
0.1377348459649631
0.3448785599949806
-0.0248624701767864
-0.6650402799641475
-0.0446907484766065
-0.3422876653195076
0.1422321025376634
-0.0982541166523359
-0.0751570980700833
-0.4202864231542523
-0.0034481981185153
-0.6303501811607467
-0.0111895707113168
0.0256525769957282
-0.3241411894243366
-0.3636175909680999
0.5318934938420458
0.0311977255160945
0.0305591175582447
-0.0096585177055237
0.0725480303092552
-0.0094339511884947
0.0684748590234671
0.0233814750490459
0.0761868778144854
0.0850542729998615
-0.0005857312669866
-0.3124659436950913
0.2412407390280099
-0.2224354292676666
0.4917322702703868
0.4094549926463326
-0.1206501184751461
0.0580549483530245
-0.3492952501372534
-0.1283624065444385
0.2225713758248615
-0.1823371010766308
-0.0251051266479547
-0.0761690286095739
0.0531279232414922
0.0267101138442854
0.1876784461312470
-0.0389154586546740
-0.0797239222408471
-0.2050221326549743
0.4610243183322932
0.2592075320078721
0.0251827078846944
0.0022908378485510
0.2373573424917373
-0.0293978248989357
-0.0477691056671766
-0.0311824766289486
0.1387649447863967
0.0393304790209986
-0.2329215359599967
-0.1647072750460336
-0.4561621653904920
-0.0830983720665229
0.1984671206498066
0.0402145120634399
-0.0083125808546482
-0.0774524648732773
0.0709072484137994
0.0489566633535046
-0.0541442844270337
-0.0174006184016906
-0.0266287489762671
0.2818196057439001
0.1158121959098353
-0.0080379640742694
0.1702172221316958
-0.0301063340308709
0.1603012184091614
-0.2952147793542384
0.0640600809055399
0.0336115806897962
-0.0070000015511142
-0.1106909415506889
0.0068102165257680
-0.2312759082248010
0.0181465855385542
-0.0523434046217641
-0.2355602457026006
-0.0323495510200658
-0.0771526207776882
-0.1513363822370828
-0.0484573331108618
-0.0452396304742234
0.0127025816295580
0.0989465192357430
-0.0413551886543163
0.1568276095022339
0.0554994358583219
0.0016634930134081
0.0133264358593913
0.0003491795237311
0.4171721756174935
0.2404232457207780
0.1224744535955939
-0.0010989908865995
-0.0108181896801897
0.3358999560494023
0.0143115243896827
0.2336308127423141
0.0125248571513730
0.0765577219222506
-0.1387944467078225
0.0220495212971924
0.3668668267170699
-0.1914275743641559
-0.0512896553285451
0.0269274699208175
-0.2079783326543867
-0.0028996524757032
-0.0813385779753494
0.0468682137515746
0.0054650011238882
0.0486486090810282
0.1729918043757024
0.1723622480654396
-0.0019368456356756
0.0445059253811012
0.0447906562989632
-0.0753656449147108
-0.0064957943751065
-0.1083820909938424
0.0299531145111294
-0.1020325893785629
-0.0308358233038193
-0.2827043831032644
-0.2045921583774950
0.1577130860503004
-0.2636655491782704
-0.1751980166702902
-0.1455525857521544
0.0042642341652522
0.3437111638071578
-0.2853166399062875
-0.0462829614984062
-0.2835507606180602
0.1260310608355661
-0.0675976246448646
-0.1055002387487339
0.1422774810660729
0.4667290463805304
0.0850084265075767
-0.1955171263256092
-0.2306401226121718
-0.0058572461832151
-0.3042557430739032
0.0329941252049961
-0.0724819260841152
0.0019866732008142
0.1991783173379029
-0.0621974968862147
0.0350894335682273
-0.5254257417266517
0.2329603620365773
-0.2660998923044764
-0.1924697260705013
-0.1239584692823703
0.0033007890753632
0.0187523498578217
0.0441191778689721
0.0334062897828141
-0.1120203100514402
-0.1318863325044095
-0.0900848311074402
0.0213413366167997
-0.0203269059751491
0.0041950401351970
-0.5682795668085521
-0.4356007868604589
0.2515635865801806
0.0284851176220111
-0.0062032528830704
0.1197172349850796
-0.1092111598683754
-0.0523463212187584
-0.0154424299213557
0.0985683023355282
0.2896033488128281
0.4774549218233889
0.0955909069962397
0.0493384016991493
-0.0249920882856538
0.1293015185201829
0.0277378270893058
-0.0614380769622394
0.0046754102284417
0.5513406272224577
0.5759521991082428
-0.0012233970363527
0.0039636126034830
-0.0700025014881979
0.6805588116323410
0.0370724824980252
-0.0338852164706055
-0.2948460681545152
-0.0440562505757669
0.0327034008728214
0.2086475921462748
0.1626996164460685
0.0069518859356121
0.4271360826912179
0.0592775690129242
-0.0676142854242911
-0.1433910544368545
-0.0389106744569186
0.1477543482668018
0.4895972977416584
0.1195644953928432
0.0360050724151718
-0.0432066599135295
-0.0988214279540472
0.0216822779730897
0.0216761931120577
-0.0710368591677634
0.0000344696653058
-0.0021059856673320
0.0756210747023671
0.0796366044454770
0.1719873575158757
0.1048264995733293
-0.2651413427207146
0.5250548859126352
-0.1723675229667126
-0.1518797382338208
0.0402404666711177
0.0216573482119581
0.0299555599681130
-0.3323425383280869
-0.0080860904844573
0.0818261657919290
-0.1335379874815359
-0.2662535096138570
0.0281067179903122
-0.6454996136614237
0.1005496084079013
-0.0813714964163161
-0.3672311034785017
0.0805599863774672
0.0727410177125049
-0.0850352556843479
-0.2641335596616605
-0.0252190340811343
0.0064912502773925
0.4889166043214959
0.0422237026634540
-0.2751923019934780
0.0100837537701210
-0.3669029557289650
0.4003974870918839
-0.0790409785538596
0.0827105253404696
0.2743954034034327
-0.4935027491607166
-0.0291942570974942
0.2444788221894775
-0.2792869797978500
0.0199800749051277
0.0799190124850488
0.4070811645518087
-0.0134184951425171
-0.1084353621163373
-0.2327990434419026
-0.1624113576269135
-0.0137187274987376
0.0185075789819182
0.0292790102863757
-0.4975373886442904
-0.1828784769411137
-0.0020359041534565
0.0048432042179248
-0.0117427340260197
0.1215135347222975
-0.0048731462662745
-0.1021198016367077
0.4008341185411228
0.0981016284997987
-0.0144831287764065
0.1479049486184048
0.0247554864564281
0.0206342603865622
0.0602395934273362
0.1771788744837434
-0.4868713514742696
0.0104933379744309
0.4734910449424800
-0.1372462070324693
0.2628064952305538
0.0214732547891046
-0.0573005983036289
-0.1540911771594849
-0.5636249985261804
-0.1744393533924527
-0.0610163839162944
0.2195942038245325
0.0555681279533510
-0.1424563911989464
-0.2861907917020939
-0.2497824192180726
0.1070294552619152
-0.7661822655716779
-0.4864148048123397
-0.0104295838252871
0.3712856401507940
-0.0387146594249766
0.0210786721442039
-0.0248040253696252
0.0155108438270682
-0.0789472297777967
0.0572739895012833
0.0047796870198524
-0.0332206637146253
-0.3482169914996287
0.0528226593217538
-0.0465513691256379
0.1467367946984290
-0.0534214185128764
0.1832326816835655
0.1055069482298533
0.1389523312759295
-0.1014629718237373
-0.3622514592148354
-0.0329585793819036
-0.1555593547595557
-0.2084499794769945
-0.4945059994959408
-0.1244074054848522
-0.0466571921829086
0.2432947827991445
-0.0174048694708046
-0.0221603674233660
0.2631020509667793
0.1907992270522012
0.2024710044371219
-0.0161158932827149
-0.0285347923388019
0.0217063478949064
-0.1034944395295648
-0.0639076267052983
-0.0073592901773400
-0.0622259930314812
-0.0200400749908620
0.2971065556704770
-0.0718276056500102
-0.0502545608328722
-0.1248237267334057
0.3179376571304074
0.6305506718618065
0.6023414965825312
0.1057475559981300
0.0544051704917232
-0.1418155922670585
-0.1902178995776579
-0.0071532112864827
0.0348942776505868
0.3464177082363761
-0.4796298567422345
-0.0933166194725741
-0.2640145874227032
0.0399258872474989
0.4820416100676404
0.0183368412511963
-0.0171988227053822
0.0691278863679613
-0.2894720615664499
0.0308113637305540
0.0833899777775386
-0.3605524262217324
0.2723409768317990
0.6319048702806048
-0.0362135753801361
-0.0479704953483385
-0.0091676904393847
0.2982128767451852
-0.0418292148481571
0.1527648508502916
-0.0244475357195384
-0.0191285302609230
-0.0638285653214498
0.4119828766800528
-0.1856017655868024
0.3376516358121254
-0.0878209774854942
-0.0052646968580982
-0.0490700839171527
0.1760497027418888
-0.2041557220157764
0.2575112394609782
-0.1295115042748158
-0.3724090451698602
-0.0022227334964130
0.0206330990831200
0.1563100636166092
-0.0743590911651834
0.0156745522953101
0.1259382275082001
-0.1327741502572109
-0.1574243303016167
-0.0009791200649436
0.0509241569654095
0.4415292493678686
-0.4315561835802969
-0.0620555306816807
-0.0601161425321336
0.1878765468171095
-0.0038915339522920
-0.1410932079687769
-0.0354617011349199
0.1210535647650834
0.0459293744638747
0.0484271576259413
-0.2345677666980229
0.1221025454905346
0.1154016515595950
0.0423215434173127
0.0424668534785359
-0.4581044118390830
-0.0333914460331398
-0.5463261022658480
0.0335537558226321
-0.0121491650505547
0.0570399646379633
-0.0282456272164800
0.0679957259799495
-0.0632267906755302
-0.0884641478562346
0.1017463054260825
-0.2436731099846862
0.0017790138703195
-0.1568730616940574
-0.2309387911656708
0.0200632832447994
0.0172612243510235
0.1849011168245512
0.0159015806492242
-0.1726665915072980
0.2307228024732168
-0.0104770810710400
-0.2131318861160739
-0.2578634315295014
0.4946100220381178
-0.0048103066327614
0.3567587473368401
0.1918639269979138
-0.0129426699385535
-0.0360529728738328
0.2631416131182128
-0.0614216247759191
0.4527443103195536
-0.0149735874338417
-0.0047511927146041
0.1040192621886594
0.1702850807138319
-0.0626197163389611
0.0698938048140347
-0.2310841645386247
-0.0397819851316058
-0.0938109678596104
0.0538902074399408
-0.0009665938752416
0.2573563991648149
-0.1357428485622148
-0.0408559481262960
0.0619247835114172
0.0956484723422206
-0.2546441389952146
-0.1999618885308093
-0.2623395480637721
-0.2416603520501336
-0.3642599314857557
-0.3767116721834396
0.1525614973371317
0.2637544102329757
0.0277282876143737
-0.0029434698207162
-0.0237346745209088
0.0760693996470145
0.2876577218370238
0.0004115829297025
-0.0492875160533665
0.0440297984201530
0.1421194782662798
-0.2403903429347503
0.4140587245199580
-0.0360303491906403
0.0751861880793559
0.1330835347560642
0.0654401869485108
-0.1741418362816246
0.0607744096891686
0.4067691288821982
0.1037127528051605
0.0031264506333166
-0.2731118432979553
-0.0554695989558375
-0.4770760564328242
-0.2667185628630804
-0.0078557870018947
-0.1883177720085381
-0.1694293221733169
0.0037838473472816
-0.0611205474952567
0.1104118905818433
0.2429967778185868
0.1255988223734700
0.1636429928939119
-0.0620297525833853
-0.3006244434927236
0.1121955372363733
-0.0439555819787963
-0.0104529628366312
-0.8474640654738451
0.0179010635237990
-0.0788684915422984
0.1032523633233152
-0.3589827859422664
-0.1690460922119702
-0.0234244209670120
0.0238825790481500
0.0027212618699770
0.1422302423584410
0.0586667517257760
0.0014021156971168
0.2506333221863781
0.3353961320053059
-0.1771057543331920
-0.0445959131675579
0.1727530345523043
-0.0272577561578989
0.1104300123553160
-0.3339502602933637
-0.1910113307608274
0.3694842966369132
-0.0906100713959357
-0.2907580105411062
0.0399107001707575
-0.0193891956013118
0.6457481961703631
-0.0516067162279114
-0.0556624021258980
-0.0474867187194065
0.0270481586236251
0.4213695492497311
-0.1884885015742433
-0.0004379916318048
0.0016267254351844
-0.1340557654773253
-0.0437242126847897
-0.3836590868166743
-0.1695864109751406
0.0582105349915998
0.0079841714885255
0.0016184948329361
-0.4311133324838347
0.0465707401410527
-0.1911553146287176
-0.1512853094171393
-0.2236687804764093
-0.0035350830015606
0.1737210121489320
0.0083301228038390
0.0008341311140460
0.3692069893825041
0.1285394025867249
-0.0230512247108899
0.0864347763940234
-0.3022231082327152
0.0417012780429538
-0.2612154126633935
-0.0168886786673403
0.5743656714421991
-0.0096683740808449
0.1854266791635344
-0.2061499833159285
-0.0276652995722773
-0.0031822984122193
0.0350796440250262
0.0743339862802814
-0.0186450581465404
0.5642681601259661
0.0552879495475248
0.0690221122275036
-0.0161759338765549
-0.0809090522886068
0.2686815342546866
0.1909239285069564
0.0899790556359370
-0.2268834958624285
-0.0740705847175060
0.0446718047728597
0.0136308485061262
-0.2670762436286301
-0.0279970021201417
-0.0991925970733144
-0.5998369743026492
0.0385671914069110
0.3347414288137266
0.5111098261381499
-0.8520342386629010
-0.2060806497302123
-0.0652356187019659
0.3799678971893742
0.0836758637687590
0.0096581524692219
0.4319759255292019
-0.0989899677881153
-0.0173419523081455
0.1331012571948075
0.1343880190792863
-0.1009117242834763
0.3253272476549746
-0.0642718336981372
0.0129198515183541
-0.0013041179147617
0.0164648492750141
0.5902954373632436
-0.0809120010465239
-0.0381210917014295
0.2604311254903178
-0.0863288115280406
-0.2400378004646491
-0.1168051331484407
-0.0120729789688265
-0.0120030473321562
-0.0427012334503476
0.0900968487600979
0.1729488202389750
-0.2294745354004318
-0.0875093784703893
-0.0043600036086639
-0.1065788530195451
-0.3085208460146055
0.0522926007898064
-0.0769937198326158
0.2764543892288768
-0.0033287441083268
0.0142483893903149
-0.0057016067687734
0.0252678077169713
0.0058570727715598
-0.1346538966853140
0.0051082668072675
0.3183124676540215
-0.0353278260815243
0.2230235931305052
-0.0518985949479311
0.2229761354678703
-0.1502431796029208
0.0073424854334098
-0.5159010354272916
0.0822215734781724
-0.6600509261182200
0.0115140849390689
-0.0061357068707273
0.0099904503122103
0.0373092015134236
0.0539049590012990
0.1681821673942361
-0.0244239497619781
0.1135867167830974
-0.1046978254439822
0.4098481180376040
-0.1219098502862725
-0.2925723010385421
0.2461515031579786
-0.7297154930855757
0.0987480836937857
0.0026565094028552
0.1521315063781403
%%
-0.4350731010868054
-0.0102065953254694
0.0124000126760365
-0.0035721436358364
0.0592777811394266
0.0136915701980605
0.0417644605913109
0.0099382821338939
0.1018869335588012
-0.1197956010034873
-0.0061388369181923
-0.0135521745924563
0.0155178255432723
-0.0220188435708869
0.1964962557109559
-0.1103933971423511
-0.0673878443034874
0.0148811968767417
-0.3750722888549199
-0.5840974580109982
0.0289303790031232
0.1067401925657180
0.0128172455543122
0.1574714255009462
0.3154444568188745
-0.0073627290031366
0.0410572516933933
0.1282447613670133
-0.0487159995711486
0.1183727639163117
-0.0313522488959760
-0.1417090993980144
0.0005882907748597
0.0449712532641852
-0.0160006791777334
-0.4269241457048276
-0.1425353874277210
-0.0624577819027705
0.0033483536918316
-0.0083505202673772
0.0239382071124563
-0.0447517537552770
0.0006370053856084
-0.0923598408522595
-0.0366242262802478
0.0121352124345140
-0.0312956071286094
-0.1585803517274085
0.0600645776807986
0.0114636545703419
0.4114339605654546
0.1581540479061062
0.1586573669560215
-0.1147374076076801
0.0920163163420052
0.0030229394701562
0.0131618017498769
-0.0526182720803786
-0.0271749011703437
-0.0601311032553381
0.0998030503154833
-0.0047528761050890
-0.0751286798268845
-0.2339611727626824
-0.1246316800241576
-0.2563651886074423
0.0415803327313782
0.0015489710234707
-0.2933772118373669
0.0099873909107138
0.2267807058802434
-0.3037044720527408
0.1474468852208942
-0.4644050123205526
-0.1354662399256148
-0.1046622079507507
0.0145156959609857
0.2237771188581272
-0.0101374848190592
0.0274948949554242
-0.0222379315360149
-0.4057189445039847
-0.4584001600062368
-0.3228456707385733
0.0913016257067361
0.0609028255192880
-0.1328342692914138
0.3347782071688107
0.0098341353123506
-0.0171715766623606
-0.0976523355179264
-0.0153998540632976
0.4371809511407709
-0.0463723667210767
-0.1951255147738751
0.0424971767914316
-0.0178258804062794
0.0363101403507935
0.1967591303030751
-0.0248993217905528
0.0162124090179820
-0.4418526098171295
0.0122080043264876
-0.2263731662696944
0.1674765168108256
-0.2697942573347502
0.2614641086620292
-0.0063921460983699
0.4367089621407091
0.0043087750872007
0.3250581304603772
-0.0661176155908029
0.8860056849931240
-0.0061271773097962
-0.3837213073473836
0.0221517829479740
-0.0584322864744456
0.0123324938451106
-0.4002383127141910
-0.1500535316627445
-0.1860493347017712
-0.0184582209888197
0.0187169861292075
-0.1820077813583432
-0.0004020678114954
-0.0208396127463844
0.0062530917854895
0.5321179166285264
0.0306402153124255
0.2032601039084090
0.0914521318878194
-0.0846649110550710
0.0710742162836184
-0.0010749438777144
0.3654176937919451
0.5353513233125150
0.3076954783481526
-0.1120283474444763
0.2362018049500999
0.0255846113743765
-0.0694671828790752
0.0089357333435645
-0.3847709193584902
0.0140489981776098
-0.1096577459074236
0.2228314573632226
-0.8940932888485750
0.0949630836957950
-0.0359504538425440
-0.3608950026274840
-0.0239193979747888
-0.1722645792644558
-0.2057092411638917
0.1959022431502171
-0.0224446864558646
0.2935255646690386
-0.1356737080994954
-0.1851003601104795
0.0226712019070218
0.3362932421887509
0.1966492876188763
-0.0431373653183431
0.0082874003969424
-0.4394395613488254
-0.2008762115385432
0.0841770046432106
0.1159166746822520
-0.1022562568049700
-0.0030306570659616
-0.0714962021698840
0.0083723587235747
0.1712902208976904
0.0643798612829752
-0.1258819965062873
0.0812464040848707
0.0774131654493595
-0.1915403122973352
0.0061230683656206
-0.0368271651697533
0.0795362616342026
0.0044417879912361
-0.1163666971122317
0.0199675734089812
-0.1496845646232247
-0.1031568921427061
0.0085359631458177
0.0349094793691625
-0.1315054184984879
0.0138212077813789
0.0837033821112411
0.0026369544545350
0.4702615752248120
-0.1785897278493750
0.0336647580065087
0.2499765409637108
0.1715145826930424
0.1358771641793831
0.0451610108913834
0.1789977344939202
0.0118977741736998
-0.4299160195165534
-0.0967190727870514
0.1661023912162498
0.1448252661583391
-0.0212016265757716
-0.0465858516061779
-0.0540582508102389
-0.0691421830127878
0.0121420631101510
0.0052714910900800
0.1518026559399040
0.5302448292569154
-0.1643740755406343
-0.0029591120442482
0.2620184492980794
-0.0225136240568197
-0.0227922690601870
0.1838921613982727
0.0578967007854246
-0.0068113382245447
0.0913904531923711
-0.0078501198481460
0.0065050975008781
-0.0376664768373851
-0.1573560994741194
-0.2255640642681724
0.1443282171243715
-0.5926298788812636
-0.0257978812273068
0.0683068999961647
0.0604238353008090
0.0511282827732409
0.0885650024849377
-0.2774955895144098
-0.3925080682218629
-0.0268305775527285
0.0164763537103270
0.1441077105583601
-0.0335058154323575
-0.0062274988378145
0.0148706103880222
0.2613531399197259
0.0446948991021144
-0.0368933583533100
0.0340870218608664
0.2450125759716835
-0.0512003803126175
-0.1869197755030718
-0.1493384775521915
0.0053824379504032
-0.0596901339780302
-0.0618274026127462
-0.1457300374644592
-0.0072911644155997
-0.2492272209047930
-0.0081638768605703
-0.0502264963342886
0.1578707660793071
0.3103724574939762
0.0963383997793854
0.3559017102289823
0.0641708605050737
-0.1692505672753404
-0.1375894977130417
-0.1440461181651627
0.0932505846078514
-0.3742997878531347
-0.0439633447906944
-0.2022517863425279
0.2130454119551422
-0.0971061402545535
0.0583141645042887
-0.0267153476882653
-0.0321998417447140
-0.0371089646613231
0.0524503226067032
-0.0277543066316691
-0.3176496483972435
0.0441322457053022
0.1490394107477364
0.0392067707450540
0.0215701001719572
0.1303272331501012
0.4361752153091432
0.0034604928041789
-0.0058027498430249
0.0798380077538207
0.0760930224053924
0.2241683455257761
0.0332980658022021
0.2020074813529298
-0.3065201449065977
0.0273187175372072
0.4227747402903688
-0.0437841080757746
-0.3045559641624492
0.1771165462017500
0.0296627061805837
0.0534396273225522
-0.0231068137604966
-0.4378244924441162
0.1678519689824631
-0.3921632832735944
-0.1784389543884995
0.3287984360067456
-0.0364751998639874
0.2725742068634952
-0.6005775690779179
0.0411222158369354
-0.0682989971637502
-0.2125916760506930
-0.0542728310833946
0.0287511544738385
0.1080809781208690
0.5152481348943880
-0.3098359450139552
0.0175293390555131
-0.2673160550660783
0.1279320931220944
-0.3405620274198526
0.2113509939330883
-0.2160218553440379
0.0522858820785721
0.3862926100629352
-0.0155571125121770
-0.2553975084465884
-0.3175168561709278
-0.1975953800047880
0.5423691366959359
-0.0091703137280961
-0.1338196935886691
0.0276945869443451
0.0399888282698217
-0.4772869385157908
0.2078482733111109
-0.2460887729729692
-0.0340523117934833
-0.5202003854053209
0.1682838328617938
0.1533772120641480
-0.0558905325851253
-0.1477830505905336
-0.2234091120045688
-0.0443532981635273
-0.0216543571650039
-0.0246930775768857
-0.0025533754977228
0.2737232883522430
0.3941695200642756
0.0690328948681858
0.0670044816956941
-0.2354481141822653
0.1242548178750702
-0.4532470023895256
-0.0342299999939222
-0.0608297858431520
0.3127588574483297
0.5011330080533741
0.0353361386013165
-0.2589304661274116
-0.0755811717430497
-0.0672884223620851
0.0476375076778591
-0.0036834493313332
0.2344839054947423
-0.2261009156724328
-0.4603092025743422
0.3051009074246572
0.0281737946344283
-0.0655941732418172
-0.2362903426637018
-0.0239549917892716
0.0603764769293881
-0.1201149962856534
0.0395533208873805
0.0129486198034575
-0.0122924378096885
-0.0695797168338578
0.0954229415339840
0.5926321157682034
0.1278087044039113
-0.2673439649461519
0.1401226636437702
0.0853072633155992
-0.2203634673019489
-0.2532422808047688
0.4045391429419642
0.2866125236943875
0.0084350362490991
0.0105932304989367
-0.0534611713035190
-0.0083765815364713
0.1181859113825351
0.0141332933475163
-0.0330767543985290
0.1729555331935038
0.2927850108128737
0.2059902431954781
0.0476303684866547
0.1237467422258224
0.0787908850048508
-0.0713792585952426
-0.0402203485993409
-0.1731003345548481
0.0236913333093950
-0.6566401270381890
-0.1410995544760208
-0.1242655185444208
-0.2216315495675394
-0.1752445113965093
-0.0227575908927543
-0.0888094280233446
0.5796877148643124
0.1553240952785720
0.0200829993431932
0.0143446578571630
0.2141143423489213
-0.0086906186653639
0.1801879344499975
-0.4889924929183164
0.2090477687116109
-0.0433209086947328
-0.2671172407359864
0.2638160065886069
0.0641089531220622
-0.3000735852478486
-0.0832989799390419
0.0248355601940489
0.2806872721296907
0.0404039440544221
0.0109575596279073
0.1645150420279794
-0.0228980016269528
-0.0179503516368582
0.3113746613518647
-0.0226012446586247
-0.1327620519299907
0.1438593725715343
-0.0290145016421650
-0.0179700497419819
0.0124753798463314
-0.2567855688886621
0.0214305595726924
-0.0180351831370804
-0.1207303490427535
0.0465200638469206
-0.0369662567313150
-0.0045495694424138
0.0547443200692569
-0.2865230117141129
-0.0039718468305576
-0.0073582449990552
0.0349196368830933
0.0325412186659501
0.0233048686447948
0.0742893484162843
-0.3157356635516205
0.0495136017655184
-0.1135152486178921
0.0044297612139641
0.0713446036020554
-0.1508772709736045
-0.2595682142735249
-0.0174018372195432
-0.0924846896525754
-0.0068150800375582
-0.0352172114551465
0.2342999562982002
0.0009856954521135
0.0117043588380568
-0.1509191747037531
0.1488274433501997
-0.0111528673113911
-0.2080356760980165
-0.1277101754538751
-0.0051611991856582
-0.0043785627474311
-0.0888600446496246
0.0401669910377843
0.0657350681263764
0.0041074983623739
0.1109987563745206
0.1458582574281028
-0.2851487780781146
0.4018449766398788
-0.0297672904385823
-0.1046394535641037
-0.0029532417699711
0.3124078236474632
-0.4329145259672222
-0.0596400417298367
-0.0299282892638597
0.0503544825239352
-0.0735124138418071
0.0673710471815169
-0.0299055358255792
-0.3143467317727044
0.0588440370582138
0.1215436856715873
0.2883859696259076
-0.1100749956261603
0.2022446626394573
0.0021673232353687
-0.0643248411005132
-0.0313639392850999
0.0347972570278025
0.0328754908820104
0.0502398129649205
-0.0563814332766135
-0.4881579211988918
0.4531370948243029
0.2405939474975952
0.1957695449251752
0.0034427602380562
0.0791670980752947
-0.0362439038672928
0.1818551539931199
0.0510447898906979
0.1059310158289160
-0.2487663507985487
0.2558491336898380
-0.0209082736565998
0.0048979569389464
0.3086464278418734
-0.2666992224858897
0.4285470061106759
-0.1301380392843966
0.0064999063232020
0.5394686748751297
0.0166862902208190
-0.0406632614045870
0.0251467940347834
-0.0392653754431360
-0.0839067202189441
-0.0654630724203284
-0.0888276909301312
0.0112735604831359
0.0501819303287748
-0.0560899056832616
0.1234884405908586
-0.2569266784532728
-0.0748898047460224
0.8760587921054448
0.0064654768381170
0.4853649686240615
0.0307333331289215
0.0478692777770387
0.2827285455315128
0.0806606493818375
0.0307985679402152
0.0046883382778677
0.1315480430345131
0.4159090958254517
0.0357290433061064
-0.0335293205746150
0.0153121168732999
0.0461210205109136
-0.1601178606623342
-0.0800116811874880
-0.3396553695952010
-0.0446821930807667
-0.0261176658480951
-0.2587798112924360
-0.5451510970593881
0.0609763897761073
0.0931487606120130
-0.0381062936903493
0.0625605848167206
0.1892999937975804
0.0897785138071365
-0.0805017701313318
-0.0026344438372091
-0.0562770134534826
0.0210789481341299
0.0739920999081905
0.0660338317105483
0.2594726633697154
0.2373219161129235
0.2958872262277094
0.3473854803957426
-0.0041866197625867
0.2604315262152451
0.0072077611879731
0.3466848419982343
-0.0660828997763739
0.0137321165111724
0.0035254347178444
0.4010153442192716
0.0336156423270656
-0.0301641246728206
-0.1898960230878908
-0.0840266782915344
0.1429785797923979
-0.6717445129078269
-0.0419292956142521
0.0216002454918024
0.1756521509467888
-0.1918049511423377
-0.0204298448987213
0.2304884872405936
0.0214178632385192
-0.1076840240411817
0.0409322873690177
0.3867347717323734
0.1394892157804525
-0.3133173844434876
-0.0464161890848304
0.3023579061227277
0.1340601818614826
0.0458489722912549
0.1652141431983053
-0.2479795087028875
0.0027310251607692
0.2440784414545034
0.4046597876248135
0.0127658133269554
-0.0783308739538875
0.3261797131504752
0.2122801023134429
-0.0186043564487701
0.6302725688929136
0.0643348326750295
0.0021028624323721
0.1060618366531326
0.0030710327266825
-0.0439729776639426
-0.0326316684644621
-0.0583955317554101
-0.0244858117742047
-0.0018147636294273
0.4307658120807130
0.0804013637779489
-0.0050965636902074
0.2918861917159816
0.0278386313392906
0.0510708577192987
-0.0310219552490024
-0.0612303539202191
-0.1534747163773519
-0.1706479221141515
-0.0553299629558441
-0.2269412411265691
-0.2002905243733396
0.0065028237036837
0.0659074851668824
0.0001228434077850
0.3457067203315203
0.4112166895607474
-0.0853284102663185
-0.5697197656216730
0.0070720204141478
0.0399510637635021
0.1775325276415117
-0.2530531135528286
0.0212779541903205
-0.1134586767739601
0.2215844301601674
-0.0015913884923690
0.3611896780864733
0.0021889850553058
0.0210859935668486
-0.0192171191186977
0.0172530211253788
0.0552803985130243
0.0450158784478029
0.0930763073333982
0.1025023623081391
0.1922467965821109
-0.0685233063096138
-0.0341104485676878
-0.1666651283108558
0.4171253468994785
0.1271867429122084
0.0213056530218669
0.0018724877677435
-0.6058149344526998
-0.3670599255657845
0.0052451585710335
-0.2989478788620497
0.1182800149573444
0.2984313295440847
0.5816600268277692
0.0107894571077058
0.0274143808131535
0.0650679604386560
-0.0523452074586350
0.2017102548667337
-0.5312290885854694
0.1460554316123618
0.0214339205295880
-0.0135817060722762
0.0229870867363854
-0.1129213263965017
-0.1953874002648124
-0.1111792177570544
-0.1571967635775063
0.1720400764217274
-0.0728724780657140
0.1833912956953363
-0.0211535543910845
0.2021969116630669
-0.2759271274499317
0.1795245398987293
-0.1016919705218675
-0.3050604109745630
-0.0404102783924776
0.0698981375144922
0.4520273829219607
0.0551300651954583
-0.0115923320278501
0.0757969386423891
0.3460537332592823
0.0114749532938161
-0.0876997483818667
0.0183989962041817
-0.2097211594184424
-0.0317643073115137
-0.5101121003786373
-0.0722833214317385
0.0942897943706682
0.1393627374565554
-0.5035231660222406
-0.0069709806425602
-0.4956080610529817
-0.3718047718636954
0.5856557095375807
-0.1949515555079681
0.0213796851039358
-0.1678381508978541
-0.0458589932187682
-0.1511455052498687
0.0170076851462129
0.0538844847942681
0.0026025035587789
-0.0787874976612051
-0.2673296385134614
0.1654430575309593
-0.0237382064073859
-0.0070512395098638
-0.1465728197708187
0.6288811283162896
-0.0487683066514644
0.0917332765149990
0.2318729027053835
-0.0040632988419173
-0.0434101696012703
0.0037881324051686
-0.0406370579586917
0.1181699595935978
-0.0007593944329778
0.0036320868503880
-0.0063814269332987
0.0351457366893514
-0.0204815857763096
0.0524279655315049
0.0370417553085905
-0.2281834487014730
0.0938426895802919
0.2030163699789655
0.0470501705662078
0.1399425574470333
-0.3891443671533300
-0.4198736669461074
0.2688812701353256
-0.0440726046805442
0.1914851006085400
0.0339842101076442
0.0035481817065072
-0.1908571590052009
0.0467972021678932
0.0173618130315754
-0.3333310757265477
-0.0317427491875128
0.4525632308970567
0.0161939955413607
-0.0084169759368055
0.0981471198952371
0.1401071206314000
0.0152671727043796
0.0457769975497794
0.1158567549791285
0.2080509752370110
-0.1222129062366840
0.0093979318575624
0.0592645973978525
-0.3411244068354228
0.1402855051952999
-0.0718670374672953
-0.0168909249479447
0.0539053137846530
-0.5909607138790205
-0.1531975278111310
0.2217806245825156
0.5228446892678086
0.5537216427405274
0.3799323172287395
-0.0014045108115376
0.1655428135068293
-0.2505768065312393
-0.0463444868363972
-0.0673396362905036
-0.0498466383849299
0.0462917853677167
0.2362375954156658
-0.0098486358566848
0.0109633964765260
-0.0154644117206535
-0.3043223427445240
-0.0079320872072377
-0.2688759609736563
-0.1757420276488864
-0.0406053168535335
-0.0952730753078902
0.0274053813651248
0.1180673492428185
0.3816421246125388
0.0207956970252079
0.2048382295203386
-0.3385009993486577
0.0320388366337001
-0.2243762198147577
0.2793085326060170
-0.1233463502301650
0.0663678038549217
-0.0839882063747007
0.0932406874550128
0.0505827809040382
-0.2046783510159156
-0.0681564997195184
0.0025123655265772
-0.1125707325587895
-0.3020068390366394
-0.3681955462630973
-0.0219937816053892
0.3983403666163541
-0.0274613214031914
-0.5995093161736925
-0.0274070982162541
0.3953427850094508
0.0288538062198910
-0.1089492356504734
0.3519065432704374
-0.0021275969815678
0.2542334871804766
-0.0441405014783231
-0.0442525111993887
0.0137561322352632
0.0076775124883477
-0.4459976053217846
-0.0085401514508465
-0.3378745896296377
0.0356964108244493
-0.0049082847385617
-0.0794988288881425
0.1884364585986985
0.0247884361813148
-0.2258078876929664
-0.2115645025192635
0.1356312797218696
0.3112890284257557
-0.2483199620472037
-0.1233661143020135
-0.4462415032728864
-0.1299552618798469
-0.0962384783167196
-0.0096003646005229
-0.1182301052895425
-0.1823868757156060
-0.0345197593500073
0.0143294267999188
-0.5984823242390943
-0.1391434617841829
0.0746342090134550
-0.0024603707739057
0.0215615425891845
0.1200802620283955
-0.2023040391822039
0.0116047737476174
-0.0687326991832859
-0.1398348834406608
0.0931007480832184
-0.0521154279307602
0.0704904880298158
-0.0126893093404977
0.0600554658816316
-0.3482577371209566
0.0040343955973269
-0.2462988765524837
0.0507371384391050
-0.1644125003781763
0.0494615899682972
-0.0168878615654997
-0.0969636105604478
0.0017055236596061
-0.3722707984122826
0.0438668470425312
0.0094128443426948
0.1645068204991513
0.1239900439990719
-0.0740432928598435
-0.0517948731905936
0.3040048069367503
0.1557578490612294
0.1598352413842915
0.1736700642083963
0.1093227973818917
0.0887293057207848
-0.0109087595814426
-0.2406270705341707
0.2125507746233729
0.3444871761108283
-0.3803655729253627
0.2996137321619241
-0.0410930262776507
-0.0699125674031845
0.0492906414642482
0.0673186240437823
-0.2299929913410373
-0.1339316662234988
-0.0101643178170348
0.4352008648911825
-0.0384092440919747
0.0009403642702885
0.3185174251294817
0.0082047243206123
-0.0452078339281856
-0.0560679889406555
-0.1362006734192729
-0.2064863938805070
0.1663810614386757
0.0096738662503092
0.0653243690884642
-0.0578804053841920
-0.0263961431614217
0.7179774960261270
0.0668159965966290
-0.4544737524052110
0.1276470623375421
0.1108583908394501
0.1323521355316475
-0.1807298438430330
-0.2358573400687928
-0.0357806273572795
0.0590136611022851
0.1436379964238220
0.0509666868445065
-0.2264999202430172
0.0234898214281033
0.4066217620709886
0.2434854504692539
-0.1694331207875064
-0.0441582272228659
-0.1459522606318009
-0.5083878260559551
-0.3855735603352976
0.1716274662098602
0.0294295113785370
0.0312404796307720
-0.0078316336542069
-0.1992911350140183
0.0725673272033542
0.0105438423804113
-0.4586403618328510
-0.0060389565924931
0.0301228374539970
0.1859724387304051
-0.0615232563763351
-0.0226237645842653
-0.0358937649568947
0.0873907802337459
0.2047550382563907
0.0355145657092992
-0.0402663749404070
0.1452124408941378
-0.1602973874762360
-0.1444140062646224
-0.1060150946639176
0.0118457463536016
0.1271957540014559
-0.0551938951705185
-0.2277437473536564
0.4331527862662587
-0.1828610857961743
0.1530292931686175
-0.0034670209908070
-0.0281235506621986
0.1533910352024436
-0.1203275016729522
-0.0092082632511152
0.0184035537059663
-0.0163233007460161
0.0742791621736040
-0.3463729541266872
-0.0296425105040867
0.0197911715407295
-0.0485599414253038
0.0180081957025899
0.0700117273701809
-0.1032123762032211
-0.1258653541204361
0.0359459075377570
0.1260079509218032
-0.4935529904413616
-0.0007934441659775
0.2110155016372166
-0.3134562989689225
0.1343278067110715
-0.0064827283807157
-0.0902161117206697
0.0359001919313396
0.0225341018831840
-0.0652485523936425
0.3164329693301071
-0.0522918479984844
-0.3509742589357391
0.4720916958854787
0.1316581764090641
0.3335558086618738
-0.4569311430720531
-0.5191105822494864
-0.0823839004358517
-0.1263112494533087
-0.0321689780340088
0.3526993911107121
%%
0.1514657351990776
0.0451211524337132
0.1560969984352447
-0.0041303050544624
0.0464518008770358
-0.1164937828170903
0.0003875407442330
0.0116021777511013
-0.0393281062247977
-0.1400221424020626
0.0986704026491214
0.0109453186763145
-0.1653439345938511
-0.0199593599265781
0.2982047506847013
0.1023911727287270
-0.0750062335510655
0.0862429004643062
0.2448482007229148
-0.3474287337217379
-0.0596466156434127
-0.1295013474932221
-0.1337843414412263
0.1373440606939879
0.1052861123553489
0.0178828071687360
0.0088229770943191
0.3563546787304646
-0.1291110263566754
0.0688340629763874
0.0253478357793712
0.1714725454275337
0.0189216673326937
0.0587733788003083
-0.0199117958440926
0.3836754177973817
-0.1103709510597610
-0.2699806062704304
-0.0097666119899127
-0.0365438844931209
-0.0174151063982726
0.1281879885809021
-0.2902385384355490
0.0523209151376735
-0.1158608410556902
0.2305405444362575
-0.0277610982807532
0.0685293047776926
0.1388977173641027
-0.0099128318502045
0.1417025744849194
-0.1411533781438858
0.3174203197593902
-0.0641000289726193
-0.3467043774362572
0.0023792201647520
-0.0025312719333491
-0.0090791846857307
-0.0039438552201231
0.0812382782757989
-0.1051301799092042
0.0391370993463300
0.1809364248694467
-0.2543935463686808
-0.4140314924076264
0.0493375715698291
0.0265749160680296
-0.0047852824831525
0.5876013920328557
0.0131511813166440
0.0605067948486856
0.0067805515191183
0.3124220471653130
0.3740818946608082
-0.2096491758528170
-0.1157800828284711
-0.0288986370048449
-0.3786244928777805
0.1552480645827593
-0.0241984654548244
-0.1729525539464919
0.3066393597021210
-0.2880177649938224
-0.0492561988297070
0.1188384026927196
-0.1214197800135955
-0.1855282815980196
0.2575953248502764
-0.0121858112370122
0.0413985663031485
0.2467902018562918
0.0298690219701796
0.5789275670461719
0.0538941946916263
-0.0027268967637918
0.0057231485282279
0.1866443220749407
-0.0493377303885241
-0.4822835186861993
0.0665799472274830
-0.0514078526294448
-0.1856050338807993
-0.0674431628385242
0.2331461139163263
-0.4506436491895238
0.1113103526791721
-0.1318928480932500
0.0134910572430839
0.1163816066324854
0.0045194594313127
-0.3814730747567068
-0.0334206218813139
0.1857136511693403
-0.0445886845342531
0.2264301740347618
-0.0461070376580240
-0.0079369173210518
-0.1001056396490812
-0.3620203772344500
0.0815615354424430
-0.1296619691362592
0.0132940867104771
0.0090297761754059
0.0213739942892388
-0.0311725711018505
-0.0563880205706272
0.0128339156304331
0.3373871938212232
-0.0079168041949144
0.0776516400975666
-0.2758966872708023
0.0751247963082463
0.4189796552081417
0.1849489964134332
0.0031032522403744
0.1099892233524591
-0.2878431038712383
-0.1200589699556570
-0.0617978480341592
0.0320009751016213
-0.0034749885905356
-0.0030045286723153
-0.0448654488524852
-0.1943615977878770
-0.1335604188156920
0.0416295114548157
-0.3465150077209569
0.0920688892158577
-0.0341997768108298
-0.2562825147401920
-0.0140610309167844
0.0589447713688381
-0.2297065419635631
-0.0626743132024998
0.0030483283929682
0.1070928221776732
-0.0500100171741565
0.4162887916524924
-0.3249169220890191
-0.2591335399864372
0.6472030411962911
-0.0377908327055701
-0.1428308571492933
0.2086842510518121
-0.4980210568529895
-0.1353142669551484
0.1906536090549283
-0.0466860707503607
0.0030319681414510
0.0838050890554850
-0.0433774505491782
-0.6497919578571559
-0.0731381815666451
-0.0319580900236443
-0.0559496728051292
0.3832552256726445
0.0552854313075650
-0.0239009146909537
-0.2016888461177734
0.1077107495799509
-0.4071080686576510
0.0142430329699971
0.0146116692296432
0.0152674110614451
-0.0905866016566555
-0.1085781756791024
-0.1175587378788267
-0.1527704006719200
0.2852790756687177
0.6978748964035684
0.0293053045546860
-0.0183698005785659
-0.0476706657411845
0.1039370572002498
0.1204264346818489
0.0816585216613117
0.0202368049448484
-0.1091101897619439
0.2121270864711418
0.0013150888108740
-0.0117592545722476
-0.0319393062733704
0.1525357994257328
0.1605043136940958
0.1804716131248489
-0.0137722183622222
0.0191443980964014
0.2496418867005949
-0.0154194723217826
0.0058770876961543
0.1727522967432266
0.5053299411722572
0.4469501805136282
-0.1948501290175546
0.3350266710580533
0.0723843746957102
0.0478242434838089
0.1231733187660189
0.0631440132327305
-0.0063711272456668
-0.1793302279628233
0.2653386810586117
0.0065304817524880
0.0127433871047795
-0.0468954884740997
-0.2901405295091276
0.0133925894109482
0.1420752657469561
0.1945304456202306
0.0292247528710919
0.1702330897329085
0.1067197069067743
0.0263022614627056
-0.2468699753470405
-0.5253481746521882
-0.0620765303198553
-0.3050656265910837
-0.1985090392728672
0.1907660761772868
-0.0612646430217852
0.0339590581409666
-0.0943114535562307
0.0138677021458287
0.3227191497092904
-0.2098163830982279
-0.3727311365475856
0.0383462859541905
0.1770228751436828
-0.3524086779977435
-0.0054371179150245
-0.0124547577938290
0.0995816995538409
-0.2245140364975030
0.0234879171156244
-0.1416372600185689
0.0147474511298530
0.1565462177303084
0.0220536857063506
0.3403667742272090
0.0243055207998219
-0.1949582234467959
-0.1169179300955700
-0.1049004474287703
-0.2548411282318886
0.2826943522007822
0.5835110082581859
-0.0523549769508803
-0.1931777164676157
-0.0638689529638884
0.0767584328460045
-0.0843831118302929
-0.2421744941996904
0.0009476544986242
-0.0218105046518439
0.0103917504744111
-0.1860307614016965
-0.4959001714477680
0.0115949240118147
0.0377372090233124
0.0060710115120375
0.0130439246496967
0.3104310568106461
0.0521969873618893
0.2685354245794416
0.0140119212988609
0.0461969161983431
0.0975869157543783
0.2541554193431326
0.2362468928951771
0.0520793371075421
-0.2439102062031640
0.1315902064809043
0.0310573814751283
0.1169794291390538
0.0413243942207367
0.2301974498615384
0.5057948207951142
0.4575722802785579
0.0486194471188234
-0.1250483475202629
-0.3218874038885309
0.0907032620514713
0.2195699825313838
-0.0567105568152176
-0.3809881433043570
-0.0819100147722075
0.3631638558818813
0.3139934416209031
-0.0430715702180673
-0.0627909171725453
0.0293333863880926
-0.0018127163147670
-0.2209742210900441
0.0581366945392412
0.1381325733509272
0.1971332167730832
0.0218511900617653
-0.2301935586626967
0.2049190549742471
-0.1277031000374802
-0.0371334070895296
-0.0693212350561258
-0.0307670341272251
0.0285231966382302
-0.0072642634345134
-0.4381399514483917
0.4904172606271668
-0.1585069698614663
0.0025981878884354
-0.0129828080909786
0.0539693177911692
0.0172217354728622
-0.3217930371054163
0.1361611245740419
0.3677193216428870
0.0035359767886038
0.1114616259350553
-0.0822107800681952
-0.1555312505162536
-0.0007413880120777
-0.0030676445879461
0.2717866846875802
-0.1697205148113139
0.1407458245829909
0.6378445923913104
-0.0519950828592492
-0.0235306774702427
-0.3749620382093444
-0.0186326052025009
0.1003406631078774
0.0664420783983056
-0.2907717878105502
0.0170403945892903
0.1971595840705607
-0.0646139358916622
-0.0998594738066439
0.0059539720571262
-0.2450255323421285
0.0976658825122118
-0.0096788974677215
0.3326108631479960
-0.4242806987771570
0.0372945618357510
0.0245643011111707
-0.3391471789403528
-0.0336527204348801
0.1405963998622629
-0.5429175369345913
0.0247866060670864
-0.0867026416749644
-0.0288220215778991
0.0271673481039360
0.0387067298837558
0.0141752552580323
-0.1104101115916667
0.1380733887521520
0.0196571869509972
0.4830782383107396
0.0477058076084154
-0.0105609725080985
0.0969473712080707
-0.0841483891085336
-0.1430776327417006
0.0142788284229204
0.2397437618193224
-0.3095533152545578
-0.1925439752095560
0.0825685229742296
0.0079729568082852
-0.1389690491910466
-0.0831311712941073
0.0038448558713969
0.1068431195512912
0.1013268334064502
0.0319239965176475
0.2585326676218089
-0.1231482504282620
0.0998997819222752
-0.0125030197088219
0.1311144523934103
-0.1039725636686928
-0.0256126359104360
-0.0237830702764721
0.0323093812412249
0.1986130074100352
-0.2547812149553700
-0.0750641256485209
-0.0542233920189074
0.0510801212322877
0.2509652123965442
0.2168114497825867
-0.1865131798945098
0.0589114599663264
-0.2848012877504971
0.1535704153382260
-0.1760351036600597
-0.0138919038646400
0.0020105696751654
0.3692873340282156
0.0702356008478997
-0.1879195827755068
0.0568417311541083
0.1780118850156752
0.4980442288851348
0.0858183575174568
-0.0823776066062092
0.1263903164785314
0.0047375348519538
-0.0605889467055893
-0.1266350079882355
0.0014654000370208
-0.1433537868608806
-0.0212673437669561
0.0319179596872952
0.0452986102741059
-0.0370502982995551
0.2531114794697112
-0.1918290075559589
0.0117928640560718
-0.1920558846774738
0.0141740406016405
-0.3107063100184192
-0.0447986977716055
0.0986443612000303
0.3925153920836530
0.0006525652801146
0.1102312375759540
-0.0178496585157857
-0.2630585887377916
-0.1214648454044564
0.1141185572159935
-0.0312084576227613
0.0920432807546209
0.0441382024187734
-0.0029046376871040
-0.1714747102258712
-0.1999638054113744
-0.0156156904492295
0.0722283562194473
0.0339853542003387
-0.0919070728840565
0.0784281172885450
0.1498710917172930
-0.2350830939082615
-0.3626336833553657
-0.0001388015686603
0.0189999512097532
-0.3949916977472143
-0.0079990843380770
0.0196808795323794
0.0170916362052249
0.0374425324000549
-0.0126230649399090
-0.0450895857433430
0.0297632871270972
-0.0589447501048989
-0.0277396713511000
-0.2498803972812226
-0.0194233253106348
0.0050242320814597
0.1727808747380251
-0.1557766979691623
0.1393561426590963
0.5597883604456105
0.2368599168567963
0.0080942977941012
-0.0547107067898525
0.0078260453865985
0.2727381468991260
0.2101729740925053
-0.0996380212946067
0.1213697408732207
-0.0467699320640551
-0.1536213972142638
-0.3037113634865596
0.0567630138532415
0.0691230414309287
-0.0371529107365890
-0.4495303383261774
-0.0074753565372297
-0.2392942988717372
0.5135877225771938
0.0428109819247241
-0.4129180118842284
-0.0424387497252328
0.2115676958661565
-0.0287306127333670
-0.0183862953006808
0.0623127361035141
-0.1588494202238296
0.3137058894641626
0.4369925224125670
0.0132984001285335
0.0047276469625719
-0.0303631806522709
0.0406693276080598
0.0232527755685174
0.1599536182780912
0.2454499509977930
-0.3007695126022117
0.4940153740725731
-0.0378560576854052
-0.0546425172735231
0.2306728803472793
0.0328133502799633
0.2122017227881958
-0.0481423574416982
0.0006436898052789
-0.0860147973437755
0.1036579260063519
-0.2546932723731202
-0.0581698124130669
-0.0148047078452512
0.2808712640180827
0.0838597931897670
0.0104969916383105
0.0658235535242629
0.0011755330985546
0.0219739109890019
0.0412136824761100
-0.4498365000622149
-0.1392523312412234
0.2640007350643275
-0.3010792385659489
0.0777079589537117
-0.0108588337082893
-0.1979541953166477
-0.1679204694859547
0.0110111051921544
0.0531047206145328
-0.1378711564368510
0.1089336136308491
0.0764644730971041
0.1369204840812250
-0.0084841205924962
-0.0261572204770644
0.1481085280954373
0.0809078458730905
-0.2901131557351420
-0.0479170331134064
0.0358112687396246
-0.0159512375853127
0.0791779550579437
-0.2079407603874825
-0.1611829552935117
0.4138370049854279
-0.0607068202021329
-0.0236781822251628
0.0957869874839799
-0.1341194098189298
0.0608308129847639
-0.0097427168551624
-0.3384685964078020
0.0149138542359026
0.0341380965354591
0.0614796690986653
0.3339913113259800
0.3813986710873301
0.2502178135827712
-0.3936351536164320
-0.0365141319035149
0.0127559597033820
-0.1107544219063287
0.1299132524727764
0.0875388499456524
0.0390200703398347
-0.1108629056415089
0.3062873187830621
-0.0428929571096862
-0.0931938358762885
0.0390083321251250
-0.0248983159173475
-0.5329734235805907
-0.2755158204079099
0.4571334171463335
0.0614693443332232
-0.1140670746022200
-0.0702873507016004
0.0289811362671871
-0.0309691724372980
-0.2793841803238815
-0.3209286184516426
-0.1581406434567777
-0.1527839892205167
0.4087569202214412
-0.3230119388765182
-0.0926790874590205
0.2766218856736430
-0.2208079549268850
0.0047615387578140
0.0112385323509222
0.2524724858803464
-0.0159087020459941
-0.6188119615813372
-0.4102914509712654
0.0180853694816904
0.4363938694332984
-0.4560764290312003
0.0760016866105051
0.0353633574520265
-0.0951645706141036
0.0647214921991505
-0.0289173735507827
-0.1741277702557689
-0.0026818635673604
0.0273963197157885
0.0230999026022713
-0.2026176163158737
0.0000815834284676
-0.0760721007884224
-0.0650228078051918
-0.1520405831612834
-0.0018355961334366
-0.0216557741370880
-0.1991067127742332
0.1299419120519583
0.0153863540445521
-0.1440103016353703
0.3672969607773564
0.1752011637914405
-0.0783818659459125
0.1050179816027893
-0.0270863163549910
-0.0087717718318821
0.0042603613549812
-0.1406627493964355
-0.1247028851693404
-0.0457047842328190
-0.0801802387536467
-0.1195231380113212
-0.0068419630889699
0.0151290228064930
-0.2195506043437946
-0.1759704893181262
0.0756641569341419
-0.3279926593016652
-0.0806658337572142
-0.0069378308643655
-0.2218649095356835
-0.0542898499801210
-0.0484841489812089
-0.0205742083217105
0.0481440406222305
-0.7122819984663681
0.0136974970457061
-0.0004838388796741
0.1870115154046130
0.5864950097216903
-0.0762341166964235
-0.0205477542699795
0.4925654854003879
0.5054455955764927
-0.2152877129161793
0.0304066933590646
-0.0854213844084263
0.0129452552765538
-0.1646773097833387
-0.0028739669334053
-0.2000271981348754
0.1370905007156372
-0.2686781777463900
0.0428312205556492
-0.1695916135332184
-0.2387930393933974
-0.0320777602586475
-0.0152665174208771
-0.1238295841795055
0.0135710702687527
0.0813631233542170
-0.0238139438823039
0.0434528668890708
-0.0226961684797505
-0.1505613229564552
-0.0879192462198892
0.1715832912682018
0.0915232350240430
0.0261004902687717
-0.1974808321079326
-0.0307504555513341
0.1193221197374421
-0.0272309876020152
-0.4270034241094660
0.0514952968411525
-0.3755648353875917
-0.2596217412868352
0.0248528761495526
0.1187564545757665
0.0944991480060744
0.1276626933963023
0.1350992116786450
-0.3092056649253319
0.0435767816562502
0.0209593340837954
-0.1513623259543131
-0.0097492048741161
0.4670639424722720
0.0155611586330605
-0.0176514196696506
0.0815360261796507
-0.0831182102968884
-0.0899460600479629
-0.2587034824951489
-0.0718784939347111
-0.2215603402812706
0.1148593475904613
0.5788906678342198
-0.1514458616883567
-0.0142792907794289
-0.4868304590851351
0.2134537372702222
-0.2687902751385025
0.0027727001065677
0.0138524762382389
0.0813787654143577
-0.2372124631467531
-0.2885401295452631
-0.2820544000838375
-0.0651235973180657
0.0354003599929307
-0.0035094285567424
0.3426456459017537
-0.1522288025375941
-0.0845372422466977
-0.1281263647925076
0.1370059980009203
-0.0075433416568412
-0.0307178163116607
0.2366812426009622
-0.0967410995953264
-0.0293471928295082
-0.0962878498838032
0.0260798363943400
0.1674196057019933
-0.0075507101545758
0.0252365977434665
-0.2738799160778536
-0.5438459143649909
0.1954461912970042
0.1889527128492751
-0.1340733781979935
-0.0671431132833004
-0.2445003872110312
0.0397502198184368
0.3004030794635849
0.0272594245640467
0.6298664105155941
0.1107767077344660
0.0192723765649533
-0.0339487258998624
-0.0858117753408807
0.1111877059317567
0.1598189966019237
-0.3840389372803075
-0.1396793671746721
0.0117227698603857
-0.0476493015765467
-0.1897350479782634
-0.0155773493233943
0.0020657257887324
-0.2064543177478546
-0.0600216206488821
0.0177625730209377
0.0491183377317690
-0.0081971613165756
-0.0104336497270367
0.0508978537333521
-0.0774479207385954
-0.0018304915610309
0.0794830558659476
-0.0303881723007775
0.0796018996840179
-0.1898934085993814
-0.1894095423022315
-0.2068407565040009
0.1267218111058863
0.2765313497263592
-0.0225640675737892
-0.1989875768156781
-0.3399857763093980
0.0310099310948699
0.1738867835319151
0.2093485391208190
-0.0041750495461160
0.1158219491140358
0.0181746487079194
0.0128192956903272
-0.0213370145746970
-0.0044305277220798
0.0549893707425093
0.0239842887061676
0.2316217246594258
0.0894929507092125
-0.4901612657003732
0.0342697389428841
-0.3964360731565288
0.0661921519838639
0.1368478708451502
0.3500046095645664
-0.3993049162727136
0.0155643810312488
-0.2935957581028468
-0.1842312195291184
-0.2396641311994583
-0.1343410596194098
0.0488344460112456
-0.3425778167206162
0.3418805382192573
0.0387799839633741
-0.0477312326261337
-0.0308613482466949
-0.1353389414788835
0.3784345277530949
0.3509708745398402
-0.0454016519175168
-0.3208004011357499
0.0116418248240924
-0.0273291230728428
-0.0096491879111161
-0.1693415650091830
0.0832843957007180
-0.0027539310516325
-0.2155775269918393
0.1164264607160315
0.1118087811105126
0.1193676600967998
0.0310259141326316
-0.0088633736299082
0.0501076066123096
-0.2387493607331150
0.5196479819813113
-0.2464496478766512
0.1460095630899740
0.0025769079997040
0.4351831818011826
0.0571385912708217
-0.0253930001447636
0.1986455027908061
-0.0781508628113343
0.3359056014152724
-0.4133554354478512
0.2057745844195467
-0.0055502983429311
-0.0824794469735782
-0.0700927973526600
-0.0328359487738935
0.0026437564420935
-0.3078029685537013
0.2804828067738074
-0.0519073243989232
0.0720855448139167
0.4434085280307591
-0.0465259478932404
-0.0136899734021530
-0.0100891600322246
-0.0157256611219647
0.0644139275322492
0.1497401086498117
0.0020792026362852
0.1027424359239047
-0.0090840436860798
-0.0852647242669804
-0.0515933491905611
-0.0538526298133944
0.0365895342871327
-0.0229662874638448
0.0205457949079109
-0.0287021709952781
0.2428120479732681
0.0434153418131601
0.0466460388209167
0.0388066702021722
-0.4286535047970154
-0.1550743422078746
-0.0091604156046272
0.3448327467834931
-0.0413981533931947
-0.0111947191042834
-0.0695563924745750
-0.3200285359377557
-0.0505812426623452
0.0183791750541741
0.0186401735326977
0.4578728319884059
-0.7487582090143247
0.0129395813068444
0.0838964099242316
-0.0104744677393170
0.0216187936744888
0.2180087999975611
0.0570790168386053
0.0093995931201829
-0.0264294729585810
-0.0286577003090798
0.0409714277751601
0.0567519917902768
-0.0022002524079848
-0.2038288401078088
-0.2797057324407175
-0.2029280346533877
-0.0982821142507909
0.1212209608396813
0.1723315100730090
0.6140032814677138
0.1371468068862115
0.0205904007851672
0.0584231800420104
-0.0552594252279991
0.3176702805465055
-0.0197603477140134
-0.0838875520060430
-0.0166807208044881
-0.1378853407518409
0.0254083851109344
0.0314005132147790
-0.3540009315956022
0.0207749255884972
-0.6006682305880990
-0.1283537778826838
-0.2402646930682058
-0.0886133722101818
0.1618495852530479
-0.3128039022722141
0.2761916566820501
0.1992834919093553
0.0240452203614228
0.0217831687678989
0.3943293870629139
-0.0841720166889014
0.3904991792073961
0.2587952440140367
-0.0839977679058723
-0.0126762730528676
0.2074357421779408
0.4475267373103051
-0.1446376527314367
-0.0438159315791010
-0.1286989454157916
-0.0501982454982275
-0.0197868925474176
0.3614319317117626
-0.0206773929304653
0.0311788879681505
0.0263147608561511
-0.1708848964522105
0.0570505278067794
0.2310995408296846
0.0083331391106248
-0.0084442746693497
-0.0205048105333128
0.0235363481806982
-0.2324706728985757
0.0319235785637683
-0.1996804190283084
-0.1022249357358722
-0.0911580223854093
-0.3722864340008409
-0.1031325081867085
0.0076173201124728
-0.2800990159801175
0.0752238898324607
0.4399542191670860
-0.0111232420785449
-0.8517704389308951
0.0087424639161496
-0.0035329790353578
0.0520295470658554
-0.0284537265807075
-0.2841369902369008
-0.0625708657609722
0.0821006058542615
0.0083831341280687
0.4210239464444926
0.1853693866770694
0.0346429990438530
-0.0045753149189293
-0.0342331417464554
0.0184987014668026
0.1997720332370783
-0.0001666432227087
0.3854681094526537
-0.0455078238853762
0.0908841555150241
-0.1510196383226519
0.0085506725104135
0.6229456769186776
0.1354615950536562
0.4466114940697188
-0.0211203531710719
-0.0284997982769744
-0.0059024801933977
-0.0397194186963007
0.0285022807878585
-0.0706705330685340
0.0455432775389408
0.3964638996267886
0.3647427242178532
-0.3133787154349560
-0.1309042371297631
0.2102823789661867
0.1830848003749405
0.4023022456892385
-0.3713649349337913
0.0103815224049279
-0.2349262836778769
