%%
238
201
137
159
169
84
214
198
88
100
216
41
166
24
170
49
0
183
209
218
113
63
137
176
137
51
171
92
193
41
91
172
66
240
183
39
121
140
168
244
19
123
193
116
234
55
234
34
82
6
23
159
66
167
185
13
73
99
123
97
200
249
195
42
242
80
179
171
21
1
41
214
164
51
184
113
221
1
3
74
143
71
42
177
86
216
142
6
46
36
105
185
168
80
139
62
96
124
144
22
251
136
72
193
197
114
1
123
56
220
151
135
207
179
48
79
74
98
146
54
190
155
82
231
58
121
170
81
238
201
137
159
169
84
214
198
88
100
216
41
166
24
170
49
0
183
209
218
113
63
137
176
137
51
171
92
193
41
91
172
66
240
183
39
121
140
168
244
19
123
193
116
234
55
234
34
82
6
23
159
66
167
185
13
73
99
123
97
200
249
195
42
242
80
179
171
21
1
41
214
164
51
184
113
221
1
3
74
143
71
42
177
86
216
142
6
46
36
105
185
168
80
139
62
96
124
144
22
251
136
72
193
197
114
1
123
56
220
151
135
207
179
48
79
74
98
146
54
190
155
82
231
58
121
170
81
238
201
137
159
169
84
214
198
88
100
216
41
166
24
170
49
0
183
209
218
113
63
137
176
137
51
171
92
193
41
91
172
66
240
183
39
121
140
168
244
19
123
193
116
234
55
234
34
82
6
23
159
66
167
185
13
73
99
123
97
200
249
195
42
242
80
179
171
21
1
41
214
164
51
184
113
221
1
3
74
143
71
42
177
86
216
142
6
46
36
105
185
168
80
139
62
96
124
144
22
251
136
72
193
197
114
1
123
56
220
151
135
207
179
48
79
74
98
146
54
190
155
82
231
58
121
170
81
238
201
137
159
169
84
214
198
88
100
216
41
166
24
170
49
0
183
209
218
113
63
137
176
137
51
171
92
193
41
91
172
66
240
183
39
121
140
168
244
19
123
193
116
234
55
234
34
82
6
23
159
66
167
185
13
73
99
123
97
200
249
195
42
242
80
179
171
21
1
41
214
164
51
184
113
221
1
3
74
143
71
42
177
86
216
142
6
46
36
105
185
168
80
139
62
96
124
144
22
251
136
72
193
197
114
1
123
56
220
151
135
207
179
48
79
74
98
146
54
190
155
82
231
58
121
170
81
238
201
137
159
169
84
214
198
88
100
216
41
166
24
170
49
0
183
209
218
113
63
137
176
137
51
171
92
193
41
91
172
66
240
183
39
121
140
168
244
19
123
193
116
234
55
234
34
82
6
23
159
66
167
185
13
73
99
123
97
200
249
195
42
242
80
179
171
21
1
41
214
164
51
184
113
221
1
3
74
143
71
42
177
86
216
142
6
46
36
105
185
168
80
139
62
96
124
144
22
251
136
72
193
197
114
1
123
56
220
151
135
207
179
48
79
74
98
146
54
190
155
82
231
58
121
170
81
238
201
137
159
169
84
214
198
88
100
216
41
166
24
170
49
0
183
209
218
113
63
137
176
137
51
171
92
193
41
91
172
66
240
183
39
121
140
168
244
19
123
193
116
234
55
234
34
82
6
23
159
66
167
185
13
73
99
123
97
200
249
195
42
242
80
179
171
21
1
41
214
164
51
184
113
221
1
3
74
143
71
42
177
86
216
142
6
46
36
105
185
168
80
139
62
96
124
144
22
251
136
72
193
197
114
1
123
56
220
151
135
207
179
48
79
74
98
146
54
190
155
82
231
58
121
170
81
238
201
137
159
169
84
214
198
88
100
216
41
166
24
170
49
0
183
209
218
113
63
137
176
137
51
171
92
193
41
91
172
66
240
183
39
121
140
168
244
19
123
193
116
234
55
234
34
82
6
23
159
66
167
185
13
73
99
123
97
200
249
195
42
242
80
179
171
21
1
41
214
164
51
184
113
221
1
3
74
143
71
42
177
86
216
142
6
46
36
105
185
168
80
139
62
96
124
144
22
251
136
72
193
197
114
1
123
56
220
151
135
207
179
48
79
74
98
146
54
190
155
82
231
58
121
170
81
238
201
137
159
169
84
214
198
88
100
216
41
166
24
170
49
0
183
209
218
113
63
137
176
137
51
171
92
193
41
91
172
66
240
183
39
121
140
168
244
19
123
193
116
234
55
234
34
82
6
23
159
66
167
185
13
73
99
123
97
200
249
195
42
242
80
179
171
21
1
41
214
164
51
184
113
221
1
3
74
143
71
42
177
86
216
142
6
46
36
105
185
168
80
139
62
96
124
144
22
251
136
72
193
197
114
1
123
56
220
151
135
207
179
48
79
74
98
146
54
190
155
82
231
58
121
170
81
238
201
137
159
169
84
214
198
88
100
216
41
166
24
170
49
0
183
209
218
113
63
137
176
137
51
171
92
193
41
91
172
66
240
183
39
121
140
168
244
19
123
193
116
234
55
234
34
82
6
23
159
66
167
185
13
73
99
123
97
200
249
195
42
242
80
179
171
21
1
41
214
164
51
184
113
221
1
3
74
143
71
42
177
86
216
142
6
46
36
105
185
168
80
139
62
96
124
144
22
251
136
72
193
197
114
1
123
56
220
151
135
207
179
48
79
74
98
146
54
190
155
82
231
58
121
170
81
238
201
137
159
169
84
214
198
88
100
216
41
166
24
170
49
0
183
209
218
113
63
137
176
137
51
171
92
193
41
91
172
66
240
183
39
121
140
168
244
19
123
193
116
234
55
234
34
82
6
23
159
66
167
185
13
73
99
123
97
200
249
195
42
242
80
179
171
21
1
41
214
164
51
184
113
221
1
3
74
143
71
42
177
86
216
142
6
46
36
105
185
168
80
139
62
96
124
144
22
251
136
72
193
197
114
1
123
56
220
151
135
207
179
48
79
74
98
146
54
190
155
82
231
58
121
170
81
238
201
137
159
169
84
214
198
88
100
216
41
166
24
170
49
0
183
209
218
113
63
137
176
137
51
171
92
193
41
91
172
66
240
183
39
121
140
168
244
19
123
193
116
234
55
234
34
82
6
23
159
66
167
185
13
73
99
123
97
200
249
195
42
242
80
179
171
21
1
41
214
164
51
184
113
221
1
3
74
143
71
42
177
86
216
142
6
46
36
105
185
168
80
139
62
96
124
144
22
251
136
72
193
197
114
1
123
56
220
151
135
207
179
48
79
74
98
146
54
190
155
82
231
58
121
170
81
238
201
137
159
169
84
214
198
88
100
216
41
166
24
170
49
0
183
209
218
113
63
137
176
137
51
171
92
193
41
91
172
66
240
183
39
121
140
168
244
19
123
193
116
234
55
234
34
82
6
23
159
66
167
185
13
73
99
123
97
200
249
195
42
242
80
179
171
21
1
41
214
164
51
184
113
221
1
3
74
143
71
42
177
86
216
142
6
46
36
105
185
168
80
139
62
96
124
144
22
251
136
72
193
197
114
1
123
56
220
151
135
207
179
48
79
74
98
146
54
190
155
82
231
58
121
170
81
238
201
137
159
169
84
214
198
88
100
216
41
166
24
170
49
0
183
209
218
113
63
137
176
137
51
171
92
193
41
91
172
66
240
183
39
121
140
168
244
19
123
193
116
234
55
234
34
82
6
23
159
66
167
185
13
73
99
123
97
200
249
195
42
242
80
179
171
21
1
41
214
164
51
184
113
221
1
3
74
143
71
42
177
86
216
142
6
46
36
105
185
168
80
139
62
96
124
144
22
251
136
72
193
197
114
1
123
56
220
151
135
207
179
48
79
74
98
146
54
190
155
82
231
58
121
170
81
238
201
137
159
169
84
214
198
88
100
216
41
166
24
170
49
0
183
209
218
113
63
137
176
137
51
171
92
193
41
91
172
66
240
183
39
121
140
168
244
19
123
193
116
234
55
234
34
82
6
23
159
66
167
185
13
73
99
123
97
200
249
195
42
242
80
179
171
21
1
41
214
164
51
184
113
221
1
3
74
143
71
42
177
86
216
142
6
46
36
105
185
168
80
139
62
96
124
144
22
251
136
72
193
197
114
1
123
56
220
151
135
207
179
48
79
74
98
146
54
190
155
82
231
58
121
170
81
238
201
137
159
169
84
214
198
88
100
216
41
166
24
170
49
0
183
209
218
113
63
137
176
137
51
171
92
193
41
91
172
66
240
183
39
121
140
168
244
19
123
193
116
234
55
234
34
82
6
23
159
66
167
185
13
73
99
123
97
200
249
195
42
242
80
179
171
21
1
41
214
164
51
184
113
221
1
3
74
143
71
42
177
86
216
142
6
46
36
105
185
168
80
139
62
96
124
144
22
251
136
72
193
197
114
1
123
56
220
151
135
207
179
48
79
74
98
146
54
190
155
82
231
58
121
170
81
238
201
137
159
169
84
214
198
88
100
216
41
166
24
170
49
0
183
209
218
113
63
137
176
137
51
171
92
193
41
91
172
66
240
183
39
121
140
168
244
19
123
193
116
234
55
234
34
82
6
23
159
66
167
185
13
73
99
123
97
200
249
195
42
242
80
179
171
21
1
41
214
164
51
184
113
221
1
3
74
143
71
42
177
86
216
142
6
46
36
105
185
168
80
139
62
96
124
144
22
251
136
72
193
197
114
1
123
56
220
151
135
207
179
48
79
74
98
146
54
190
155
82
231
58
121
170
81
238
201
137
159
169
84
214
198
88
100
216
41
166
24
170
49
0
183
209
218
113
63
137
176
137
51
171
92
193
41
91
172
66
240
183
39
121
140
168
244
19
123
193
116
234
55
234
34
82
6
23
159
66
167
185
13
73
99
123
97
200
249
195
42
242
80
179
171
21
1
41
214
164
51
184
113
221
1
3
74
143
71
42
177
86
216
142
6
46
36
105
185
168
80
139
62
96
124
144
22
251
136
72
193
197
114
1
123
56
220
151
135
207
179
48
79
74
98
146
54
190
155
82
231
58
121
170
81
238
201
137
159
169
84
214
198
88
100
216
41
166
24
170
49
0
183
209
218
113
63
137
176
137
51
171
92
193
41
91
172
66
240
183
39
121
140
168
244
19
123
193
116
234
55
234
34
82
6
23
159
66
167
185
13
73
99
123
97
200
249
195
42
242
80
179
171
21
1
41
214
164
51
184
113
221
1
3
74
143
71
42
177
86
216
142
6
46
36
105
185
168
80
139
62
96
124
144
22
251
136
72
193
197
114
1
123
56
220
151
135
207
179
48
79
74
98
146
54
190
155
82
231
58
121
170
81
238
201
137
159
169
84
214
198
88
100
216
41
166
24
170
49
0
183
209
218
113
63
137
176
137
51
171
92
193
41
91
172
66
240
183
39
121
140
168
244
19
123
193
116
234
55
234
34
82
6
23
159
66
167
185
13
73
99
123
97
200
249
195
42
242
80
179
171
21
1
41
214
164
51
184
113
221
1
3
74
143
71
42
177
86
216
142
6
46
36
105
185
168
80
139
62
96
124
144
22
251
136
72
193
197
114
1
123
56
220
151
135
207
179
48
79
74
98
146
54
190
155
82
231
58
121
170
81
238
201
137
159
169
84
214
198
88
100
216
41
166
24
170
49
0
183
209
218
113
63
137
176
137
51
171
92
193
41
91
172
66
240
183
39
121
140
168
244
19
123
193
116
234
55
234
34
82
6
23
159
66
167
185
13
73
99
123
97
200
249
195
42
242
80
179
171
21
1
41
214
164
51
184
113
221
1
3
74
143
71
42
177
86
216
142
6
46
36
105
185
168
80
139
62
96
124
144
22
251
136
72
193
197
114
1
123
56
220
151
135
207
179
48
79
74
98
146
54
190
155
82
231
58
121
170
81
238
201
137
159
169
84
214
198
88
100
216
41
166
24
170
49
0
183
209
218
113
63
137
176
137
51
171
92
193
41
91
172
66
240
183
39
121
140
168
244
19
123
193
116
234
55
234
34
82
6
23
159
66
167
185
13
73
99
123
97
200
249
195
42
242
80
179
171
21
1
41
214
164
51
184
113
221
1
3
74
143
71
42
177
86
216
142
6
46
36
105
185
168
80
139
62
96
124
144
22
251
136
72
193
197
114
1
123
56
220
151
135
207
179
48
79
74
98
146
54
190
155
82
231
58
121
170
81
238
201
137
159
169
84
214
198
88
100
216
41
166
24
170
49
0
183
209
218
113
63
137
176
137
51
171
92
193
41
91
172
66
240
183
39
121
140
168
244
19
123
193
116
234
55
234
34
82
6
23
159
66
167
185
13
73
99
123
97
200
249
195
42
242
80
179
171
21
1
41
214
164
51
184
113
221
1
3
74
143
71
42
177
86
216
142
6
46
36
105
185
168
80
139
62
96
124
144
22
251
136
72
193
197
114
1
123
56
220
151
135
207
179
48
79
74
98
146
54
190
155
82
231
58
121
170
81
238
201
137
159
169
84
214
198
88
100
216
41
166
24
170
49
0
183
209
218
113
63
137
176
137
51
171
92
193
41
91
172
66
240
183
39
121
140
168
244
19
123
193
116
234
55
234
34
82
6
23
159
66
167
185
13
73
99
123
97
200
249
195
42
242
80
179
171
21
1
41
214
164
51
184
113
221
1
3
74
143
71
42
177
86
216
142
6
46
36
105
185
168
80
139
62
96
124
144
22
251
136
72
193
197
114
1
123
56
220
151
135
207
179
48
79
74
98
146
54
190
155
82
231
58
121
170
81
238
201
137
159
169
84
214
198
88
100
216
41
166
24
170
49
0
183
209
218
113
63
137
176
137
51
171
92
193
41
91
172
66
240
183
39
121
140
168
244
19
123
193
116
234
55
234
34
82
6
23
159
66
167
185
13
73
99
123
97
200
249
195
42
242
80
179
171
21
1
41
214
164
51
184
113
221
1
3
74
143
71
42
177
86
216
142
6
46
36
105
185
168
80
139
62
96
124
144
22
251
136
72
193
197
114
1
123
56
220
151
135
207
179
48
79
74
98
146
54
190
155
82
231
58
121
170
81
238
201
137
159
169
84
214
198
88
100
216
41
166
24
170
49
0
183
209
218
113
63
137
176
137
51
171
92
193
41
91
172
66
240
183
39
121
140
168
244
19
123
193
116
234
55
234
34
82
6
23
159
66
167
185
13
73
99
123
97
200
249
195
42
242
80
179
171
21
1
41
214
164
51
184
113
221
1
3
74
143
71
42
177
86
216
142
6
46
36
105
185
168
80
139
62
96
124
144
22
251
136
72
193
197
114
1
123
56
220
151
135
207
179
48
79
74
98
146
54
190
155
82
231
58
121
170
81
238
201
137
159
169
84
214
198
88
100
216
41
166
24
170
49
0
183
209
218
113
63
137
176
137
51
171
92
193
41
91
172
66
240
183
39
121
140
168
244
19
123
193
116
234
55
234
34
82
6
23
159
66
167
185
13
73
99
123
97
200
249
195
42
242
80
179
171
21
1
41
214
164
51
184
113
221
1
3
74
143
71
42
177
86
216
142
6
46
36
105
185
168
80
139
62
96
124
144
22
251
136
72
193
197
114
1
123
56
220
151
135
207
179
48
79
74
98
146
54
190
155
82
231
58
121
170
81
238
201
137
159
169
84
214
198
88
100
216
41
166
24
170
49
0
183
209
218
113
63
137
176
137
51
171
92
193
41
91
172
66
240
183
39
121
140
168
244
19
123
193
116
234
55
234
34
82
6
23
159
66
167
185
13
73
99
123
97
200
249
195
42
242
80
179
171
21
1
41
214
164
51
184
113
221
1
3
74
143
71
42
177
86
216
142
6
46
36
105
185
168
80
139
62
96
124
144
22
251
136
72
193
197
114
1
123
56
220
151
135
207
179
48
79
74
98
146
54
190
155
82
231
58
121
170
81
238
201
137
159
169
84
214
198
88
100
216
41
166
24
170
49
0
183
209
218
113
63
137
176
137
51
171
92
193
41
91
172
66
240
183
39
121
140
168
244
19
123
193
116
234
55
234
34
82
6
23
159
66
167
185
13
73
99
123
97
200
249
195
42
242
80
179
171
21
1
41
214
164
51
184
113
221
1
3
74
143
71
42
177
86
216
142
6
46
36
105
185
168
80
139
62
96
124
144
22
251
136
72
193
197
114
1
123
56
220
151
135
207
179
48
79
74
98
146
54
190
155
82
231
58
121
170
81
238
201
137
159
169
84
214
198
88
100
216
41
166
24
170
49
0
183
209
218
113
63
137
176
137
51
171
92
193
41
91
172
66
240
183
39
121
140
168
244
19
123
193
116
234
55
234
34
82
6
23
159
66
167
185
13
73
99
123
97
200
249
195
42
242
80
179
171
21
1
41
214
164
51
184
113
221
1
3
74
143
71
42
177
86
216
142
6
46
36
105
185
168
80
139
62
96
124
144
22
251
136
72
193
197
114
1
123
56
220
151
135
207
179
48
79
74
98
146
54
190
155
82
231
58
121
170
81
238
201
137
159
169
84
214
198
88
100
216
41
166
24
170
49
0
183
209
218
113
63
137
176
137
51
171
92
193
41
91
172
66
240
183
39
121
140
168
244
19
123
193
116
234
55
234
34
82
6
23
159
66
167
185
13
73
99
123
97
200
249
195
42
242
80
179
171
21
1
41
214
164
51
184
113
221
1
3
74
143
71
42
177
86
216
142
6
46
36
105
185
168
80
139
62
96
124
144
22
251
136
72
193
197
114
1
123
56
220
151
135
207
179
48
79
74
98
146
54
190
155
82
231
58
121
170
81
238
201
137
159
169
84
214
198
88
100
216
41
166
24
170
49
0
183
209
218
113
63
137
176
137
51
171
92
193
41
91
172
66
240
183
39
121
140
168
244
19
123
193
116
234
55
234
34
82
6
23
159
66
167
185
13
73
99
123
97
200
249
195
42
242
80
179
171
21
1
41
214
164
51
184
113
221
1
3
74
143
71
42
177
86
216
142
6
46
36
105
185
168
80
139
62
96
124
144
22
251
136
72
193
197
114
1
123
56
220
151
135
207
179
48
79
74
98
146
54
190
155
82
231
58
121
170
81
238
201
137
159
169
84
214
198
88
100
216
41
166
24
170
49
0
183
209
218
113
63
137
176
137
51
171
92
193
41
91
172
66
240
183
39
121
140
168
244
19
123
193
116
234
55
234
34
82
6
23
159
66
167
185
13
73
99
123
97
200
249
195
42
242
80
179
171
21
1
41
214
164
51
184
113
221
1
3
74
143
71
42
177
86
216
142
6
46
36
105
185
168
80
139
62
96
124
144
22
251
136
72
193
197
114
1
123
56
220
151
135
207
179
48
79
74
98
146
54
190
155
82
231
58
121
170
81
