%%
5.8808940781172856
1.9176321288776781
5.4010343439227162
4.1744412821906742
5.1935508576210481
5.5500167521820867
2.0285595599800641
3.7579881889351920
2.3779230797850639
4.1439477902816639
3.9818543739798731
4.9483832207483429
4.6755193322814197
4.6519795750120938
2.8264096135318018
2.4080155651468944
1.7735815593377673
3.2892455470253488
2.4169763042790753
4.2621332090945820
5.1292448906118722
3.5841458569656330
3.2566884675464718
9.1057132056429957
4.1745126249238256
4.6382261469790409
4.8085958811719296
2.9415357451001127
4.5524833833492497
4.9802938876898422
4.1368939876874817
4.6648752206559649
3.5529331436692857
4.0787840289415556
2.0006767957057123
3.9467701731157177
2.9677548822702540
5.2762447566700503
4.6353383197220133
6.1161937845823706
4.7665146093586870
2.3178065890814397
3.7856309541970181
3.3533745635438672
5.1660425768546956
3.5040881395599324
3.4526374873219146
5.6375344834686691
4.1697207543315322
6.7368159084829706
2.5742770347603376
5.6562674284308017
5.4289952886776627
4.0285026204189531
1.8776480950409917
3.4111767677544287
3.1819919010186570
2.3795146705969210
5.2982658494111110
6.1397685132186153
4.2601852425375277
2.3446223953129799
2.8860461645024014
0.6017958310373680
3.9434339765803377
3.7826096362144415
2.9637647152747086
4.6668751643549031
2.7632510385156159
6.6993590518648336
6.4530300952710302
3.5543933674545185
3.6735257028999579
5.3589431044731741
2.1576879372846998
3.9173155735826102
5.0017756004091041
5.0618645344405131
3.8779427026709379
3.4118121561178589
5.2102142277391543
5.0077691205891739
2.3405991843666500
4.6229628239562324
2.9803572637275284
5.0882262663835389
3.3239642163851735
3.5198886198526700
3.6825688228892952
3.4958734599137444
5.1849090789590111
2.3167325438337527
3.8880808377906066
4.1532264590098267
6.2841234164382653
3.0343629517760622
4.6935660046064784
5.3911383950612768
5.3019650133178535
6.5549953611869274
5.9658867262845980
3.9421966638833394
4.1581362807755990
4.6726664430146094
4.4060601498692247
5.8011740098627937
3.7575062572289801
4.0017740773088732
2.6452379528628782
3.3361927732596048
4.4786253313803570
1.9714573183688484
4.9995272622778089
5.1166382002264159
4.5390693928101635
6.2867186926778631
6.3551933098084898
6.2855436841009071
3.2324282840339471
4.4864462003568750
6.2224959475166557
5.2579521950464212
5.8904270317944709
3.5406058851208657
3.8792074584158120
3.3640404395025412
4.8566926421012750
3.4097637019758578
2.9240577167230914
5.5985439349797756
4.4082625124928239
2.2800277434855989
3.8929237026399242
4.7437332865502677
5.1001088983410439
2.5084720675295538
3.1957971563688630
2.6391862089458251
3.5464469049676755
5.1552896226933393
3.8668118357019647
1.9184278424679044
4.9179107873351446
5.0743217856983218
4.6815505462349503
3.2604928019486574
3.6830369193461703
6.9261915353759971
5.5395536158382788
4.2784018186389332
3.6856702348719077
8.7848334278692963
4.3764128778819824
3.0713060811812349
5.0247570904636394
4.8646368248575556
2.7256874565936555
6.1430497351678852
1.7969793325485224
2.6830148370973208
3.6363031327683548
6.6319280191693526
4.0403070471687732
5.6439600065231721
5.8766791105364176
4.2884565408877435
4.8377356518981935
5.5181068298672757
5.7444785459548093
3.4001485428334770
6.4372462307586291
5.5035909192847896
4.2779445054132745
5.0074214455066173
3.8847888118795995
3.3927269492222059
5.7873373924578253
5.6409509528619353
4.4776435961253513
6.1881004702353799
5.6268752897178489
2.2652464369924217
1.7143764984463026
3.6360980794963749
4.4229396958761011
4.8295481791544992
6.5555724882270221
2.4053947114498615
4.2560677357240726
3.8286064873028396
5.6949107006782622
2.0742914321561368
8.3574800321462082
4.0171405735712753
3.4240684903612277
3.7090735745855103
5.0562536830928853
9.0920644007728946
3.5016275520329749
4.6660096350068310
5.8638621587405462
6.0900618176289303
5.9528017152492048
5.4788168750341928
3.5632425556973808
3.9851135233600772
3.8224106988549522
6.0524560053423553
7.2302055684399207
4.8491805232016887
6.3490046271762655
6.4121641898823398
3.4557940591905596
7.2549550277896211
4.1758732436161683
5.5924809961209521
4.1150063311202478
4.5004127438224160
6.3951550248920714
2.7563112109006922
4.5157520021804203
4.0628074242763788
3.5029543511902448
5.1611813280024643
3.5937442953292833
3.4400024963394435
2.6221745625175004
2.9716741263669384
4.8220042541732857
3.4672391085811611
5.1356994018132767
3.6430986998636787
4.6857821025916611
6.0637022746138376
4.1127892089269178
4.1178328805767288
5.1642382964364986
4.8895865153008851
3.5227726959979506
5.3279703778912966
3.3574071963877428
2.6074586545891516
3.8107346282746510
3.0009746396992112
3.5739736347626421
2.3099689820759064
3.3424599504592063
4.8411480266971596
3.4384326097102091
4.5286481635665687
5.3064408233564082
5.1721355161307905
7.9117782985130827
4.1026305721477998
5.1444580016016364
4.7964895278107065
4.5845814088307044
2.2879713504602535
3.6030428167221160
3.3923133762825781
4.2015587471942242
2.7138645659922198
3.5374383992732108
4.1378251682679830
5.1185385759165616
4.2307817738269309
4.5357827160370983
3.7419815907612199
3.6062526694433035
5.1908596586898543
6.8037255991446850
3.0064592885724695
3.2854318694739457
5.7295100569254211
2.6281026138240473
5.0711521138627269
4.6761117064529341
5.2075452721070308
4.0050976437558390
7.0194588260192852
4.5745087042758090
2.9875030297871450
4.8935300446216932
3.3528334977066168
3.9784820665398466
4.9939275212596135
3.3020820295795867
4.6092284598238447
6.7662517036227143
4.4691884299976330
5.5748420837066828
6.1344962446312277
5.2695882561855054
3.5594932021398149
4.5567685334889445
4.3962347046948231
4.4013040953879061
7.0420012254602780
4.4272810264283891
3.1487202826922220
2.2353747512675333
4.9411693995183459
2.4605607831964904
4.5484629564878825
4.4171257683205720
4.1243408306160170
1.5218338190155611
4.0509249748518190
9.2446472558690242
4.1224001628030269
5.7457150889773390
5.2108012288425041
2.2934520429613192
4.3425096081439358
4.0314306533056294
5.4817634822265662
3.4701026356338929
3.4449876606340357
3.3196158212715687
4.4842864426055691
5.3779406334865891
4.2843097349397823
6.7559037973568961
5.3246104759186403
3.8238327065099447
8.5294610102477613
3.5990488580707183
6.5030847963294764
3.0818425176816122
4.4085506590228878
3.2970398439391699
5.4388913152765541
4.0706354931792630
4.5398629378233348
5.0869687501540506
3.8628311068749737
4.3496670946333156
4.2220435652582156
5.4970601694653176
3.4757007118978911
5.8647614588580268
4.1001535032822023
5.6807498907658713
5.4679091239137332
2.3884253056039082
4.2697464156141498
3.2766470914064563
5.4422322596178390
5.0006547221343505
2.9333312975777863
4.5713726349340575
3.9957548594320618
3.9417635126811850
8.8603137935207794
4.5858163886995307
4.5042416798921421
4.7285539225157889
4.3657291524382540
6.0818394867981542
5.3618273782344756
4.8397227118462176
4.4675981940703409
4.6477856709603458
3.4922538349378600
5.4412839063713054
4.2924629118870872
2.3694541053543476
3.6772597214101235
2.9110128314457460
3.5860423593980211
2.3159889562031881
3.1382418396607257
5.2244616852790333
2.6426852301558910
3.1521871247323783
3.4456915038313287
4.4717246392447105
3.1499728337985995
2.2807483350407818
6.2468821902308065
3.8849258495644996
6.5398295735551129
4.6051424556905847
4.0035219813849832
3.8157351176245551
3.9022476760525024
5.0179256781276971
5.7530721777000595
3.4286677628780811
3.3703104053589907
7.4067184391569851
3.4716428452936894
3.3724863728868790
2.5818279213839079
4.3916948457234604
3.2012707058658734
2.9331988853020809
6.0021959763602144
4.8528970377625207
4.5252277814632720
5.4808792312738737
2.7594114714819553
3.5135641658480865
7.6950879906544172
4.7388431781094393
4.2862825343302431
3.0472863620865622
4.8897961877816725
5.7637184965144170
4.2244494330336586
4.1737592046261467
4.6951132839151919
4.8750933821437403
3.4543665936259909
4.1835028390221405
3.7154465772343599
4.7042832112170503
7.9168946991079823
3.4259989536282682
1.7898082447980344
3.8072802727084154
6.9463352000861489
2.9731836614861362
6.4181536499617051
4.9471399317379001
5.7382519352445751
3.4327096923041496
4.9110526613831045
2.9117882998881770
4.4576376378103957
5.2657972829945718
3.9913500736042380
4.1050156534276505
3.0133732697568791
4.6269148078667159
4.5000578498515349
3.2325771913199373
4.3899326318228038
3.5275200061048140
2.5304687386552462
6.2372056510600897
4.1168449282953548
5.3926143298705700
2.6904800214214379
5.6656758013809094
3.0139743349392205
4.5924364993040969
4.2109664517706848
3.2454056903164155
6.7055131856640564
4.0850998743291784
6.6734977768879187
2.9017385355912033
4.3901780372277655
2.6127866478594859
5.8164424715653009
6.0344956973110007
3.0066599918664378
4.5122836552691297
4.8893276170363551
3.3014945914019602
4.5983653798180191
4.7167282303678038
1.6815310241911039
4.5403452887957503
7.0503566058794647
4.1214180226983972
4.9451700389188318
6.6734143354749991
4.4055268201613043
2.7334322454129594
5.3110052439253419
4.8628303511393796
5.3211744687639229
6.7371766566703455
4.5212931107925067
4.2790572834721621
3.9075479641562270
3.3615455025854697
5.2677075607798063
3.4608103247226980
4.6373847790290572
3.7510703969919525
4.7003309362636676
4.3956856189715605
2.7643054092285579
3.6267560854670577
3.7004117549459337
5.1622012603144283
4.9873639899121338
3.8869622581152541
3.3520601821194802
4.8374931109012032
4.4709731670343356
5.3371879796733888
4.6332941387906148
5.6549441840154735
4.9638786592297537
3.1674818947665093
6.8533271982475812
5.0854076549472689
4.2434863499379682
4.2035351404439387
6.2521784000191483
7.3462310562202404
4.6317664784614809
5.0010826960298731
4.2872767198137716
6.3175941808740772
3.2329348309480865
3.6857869238945078
4.5419437086527976
3.5714750106289022
4.8415434534147321
6.1490400822849436
5.5797229876477914
3.5321973106508193
5.1012834803925058
5.2443763611805077
5.7272988487210990
7.9816219992519661
5.2971621218446581
4.0916031853125574
4.2159265265733143
5.5270973357931625
5.9654076768306652
3.7252729062633390
7.6802165895487269
4.5615962227156590
3.2964562241013837
2.8883078324310381
6.5814696704350242
4.1266291715512464
3.1556338499890813
3.5106225576838810
5.8298955989652788
6.9720481165710737
4.6574630304431741
3.4891038793618452
3.2553155524965285
4.5964431577797322
2.6209820599551268
2.3576436496484265
4.8021817929234807
3.4400046227993148
6.2795514952583176
2.5706739362797295
3.6777827769728657
5.5306756070670477
5.7509009910974971
2.1676913512233678
3.4400870661062730
4.2655541473077960
2.2790999263984930
2.2331238764977752
3.1394179882059063
5.8343913482305414
3.8080779973394510
4.1867678919642843
5.0193912353109935
5.0869898624991956
6.3112615210457959
2.6271832218443478
3.3760539894491735
4.8670722823740968
3.8135181705044299
2.9072868230142306
4.9794594272339170
3.3772227597440336
3.8558690876983448
6.0523869516217319
1.7123108661300703
5.6063121663357691
7.2197682253610633
2.9759250950256049
6.3778151803829539
4.2485867223777101
4.2355725319823714
5.1493966399987086
3.6564066852892170
5.0834619175988820
4.6752839052647310
5.0571076874447956
3.8035134840313152
4.8159471765272563
2.9657700569569063
7.3760118218938313
8.5189469563202440
4.5864353917833443
5.2062564558887701
5.8690435115666917
5.2702967187190746
4.6822505144288753
5.9177270049059203
4.9301532034961095
5.9497612085083311
4.7264269247217987
3.2285160500155410
4.8261174126807687
8.1979581679347096
5.2646498523426324
4.6904459150362188
4.8393958153969248
4.8970715462331871
3.7272190131480687
1.2781553353035013
3.6334809154907544
5.0942560991745962
2.8277126196090423
3.0370650275730684
5.2879553906267782
7.1524945237268183
5.2543934485583321
6.8066539663407957
7.0550245912517902
3.3923939614726737
4.5945182351482998
5.0514825772866878
2.0363393684989193
4.4625893836503385
3.5828345787443059
1.1315177924292128
6.3034206487121267
3.3389709616542760
2.3128407180205510
5.1768359267378115
2.8154992199894187
3.3044332060976052
3.0005454734834318
6.3904617762779550
7.2182411007814871
3.2568256412342826
4.7374401054418316
4.8740716331647560
4.3846842694846666
6.0402987431615811
4.6965314124829138
4.5097462344606445
3.6565061106788854
3.4439556031456267
7.4611214838231188
6.9489304319450813
5.2310926895935275
4.6343251460633574
2.9202188978702868
3.3453400308789938
6.7480808912715604
3.3160214605448823
4.4194395211697879
3.6547788634123948
5.4378715236956623
3.6548947382494426
5.1721265008998358
4.8217644070862953
4.3934551907526682
4.0532795973666360
3.6187941034006714
5.6948051467154128
1.9510242999017817
3.4915976111616436
3.0538482584688764
4.3077613946641309
4.8934409760830597
5.1962011070482017
5.2206060685504792
5.1773433236038642
4.3471171919129548
3.9983780724256253
6.2967110253812821
4.1446892897371272
8.8170002518277411
4.4957218198475717
6.3302856222478860
4.6132502215176494
3.4410138955720404
6.0935206541985041
4.6614082975745328
6.8717219561390763
5.1091119660832609
2.7585951120743695
8.3740034317028051
4.5631696865262157
4.7224099873933278
4.0717675190197582
5.2193325099826957
4.7721153342155542
5.1196655281058110
2.5455481006878031
3.1653257576858262
4.6288824423494646
4.7542985118881838
4.2662763825935208
2.6378421512141839
1.7811055481594291
3.3500275580866719
1.9369282954317861
3.9566339926299143
4.6108669368923758
3.4308838094662071
4.8147108183814060
5.6504953874954005
3.5518650605420974
2.7560064642453219
5.6158591740722228
3.5165755656036493
3.1716057930046255
3.6912337773956896
3.4377827531225282
6.4100330359855837
2.6010225871875958
2.9303047389161812
4.3922624314819219
3.8469614527344556
5.0139702700655615
4.7273984150032105
3.8444389173374836
6.6934612267509408
3.0788429594267135
5.0368026527247691
3.2572808715823203
3.3808383344112864
3.3367943950287327
3.3112334436420774
3.4766314962936393
4.4314176251176587
2.5896994374355331
3.5374212690127682
6.1300941833920923
4.7360041292726844
3.0766901546513528
5.8479440320279474
6.3539562624460606
3.3621672670649230
4.0483655854854330
5.1299302433145630
4.8327691129004657
3.3209920169074061
2.4728829728564801
4.2997357323202428
3.8656509828490275
4.9701629178035907
7.7388239057619410
4.6361733251784845
5.6524666653158349
4.5108365000531769
4.7661918232783025
4.5134071555928115
4.4160932073944137
2.5665253542647863
4.7446852610851735
5.1471420284349794
5.6468104982609768
2.2269537996603366
7.0887157386323842
4.4196782925835638
5.6941106093638485
2.6865509848599576
3.8554736707747401
7.0294147943289937
3.9936164561742435
5.9271369795637119
5.4259130461228597
2.9895261312272723
4.0135966486961658
4.4331678024595291
5.4327670267759025
6.2397937831471619
4.0923376065438823
2.9991321730953899
2.4117935802451731
2.8406412919498951
3.8376969537005765
2.2580820227999503
4.5812792056813869
4.6630138219680459
6.3499211186708004
3.7206300768037943
4.5480656921206712
5.8753787406805120
6.6667742157976768
4.5908289551115882
7.6741812589936771
3.9081235942825643
3.5432972002144068
4.4123755316675810
4.7485048897714481
5.8910476042551432
3.9608902077270995
6.3284573502212336
4.9497305513325509
3.6511926864824700
4.3269257360690556
2.4712397552839227
4.5403962221258771
4.9697871105995945
3.7316304250900667
3.4951585620192924
5.4538049660712451
3.9793331564832926
2.4994269489353105
7.1172339678364960
4.0997710933090161
7.3222807338916791
5.2657042987959040
5.1748369747947844
6.1476752308442473
3.6844633299260052
4.8846470654307108
4.8850852618361555
5.3149501071712804
3.6513279029896841
3.5832570586785066
5.7549609423368366
4.5647694937879697
3.9492302323654429
4.5762144536348544
4.7089983193057874
3.5791014450813590
8.3379463277576757
5.9315542568219621
2.8486950222152494
4.6751931558197573
3.9674376064910684
5.6986627040650886
5.0782333445751302
6.8360851339187123
5.8848206365285840
7.0151166292281415
2.7747843182894267
2.3340221943108932
2.7030463405120804
8.3613269290187198
4.8447495355087540
4.8976508272571984
3.7593366881914942
4.9852199015105336
2.8537626139736858
5.0141587689998968
4.5421597386097385
2.2953312582340359
3.5257412839678448
3.0529526589153697
6.1122624284012907
3.2853409457893457
5.0904734410531702
3.2387000936643502
3.8676181765209847
4.4003555424464302
5.6515940893064522
4.2966338177977441
5.1573421006068418
4.3020437794186428
5.0765534640362731
4.7336753342237570
3.0489611023422754
7.6114085385768036
4.5285557634083746
5.4060572545854431
5.1015179395635126
3.3309690842612216
4.9138134817419719
4.0931664219074335
5.1871922033088520
4.0381107534921332
4.9713849998010575
3.9380533851721866
6.2245344853366218
4.0671433129013721
3.6106686222676503
3.8723621367697421
2.2446549487966814
4.9323490323979708
4.6976488342410727
6.0301198950401762
3.8822432808142016
4.8589395689436845
2.0758523854704687
2.5615909396161816
5.1640336631676815
2.6951900341450759
4.4098985758804030
4.8314494609154695
3.1637816711929689
3.7995953281315562
2.4701765303546037
4.3658906467722165
5.9563603344748808
4.1114068936625499
6.9128194277620381
4.3812337652582993
4.9993005155717274
6.5171974111089366
3.2003742358618972
5.3132478717439984
2.9928575683358818
5.2915431951130731
2.5245011390066989
3.2486718860514516
5.5818931648764716
5.5434583530905712
4.5236825454792866
3.6408653372772277
2.9550083772375841
3.7904075133504840
5.5367259486287317
6.7315927215301654
5.1570169593659818
2.9847273623147688
5.9493855476792525
3.7107451965901137
4.7890653255207045
5.9551927080684983
3.4946628020842754
4.6467441198246355
5.1632065071352296
4.4626355111534215
8.2680378678020094
7.0639873403007005
5.0790607306270132
4.3476963792778918
3.3790253339276335
4.3430200618820871
2.4985544268550184
2.1777445991795346
6.2339731593343144
4.3478603162784886
4.5444711402891507
4.0421203434472348
3.2473465439980029
6.3617781224499623
4.3780569131482423
4.1573166239493409
4.2912776675775435
5.2183076366086061
5.8917698505474201
4.5505976434417867
3.0821380424476494
3.3206726058519478
3.2165747771105879
4.9453976944421498
3.8074374395146249
6.4907375502288271
2.2352501659396036
2.8115083572895925
4.7919575323252381
4.0091002667220090
4.7712342437604613
3.1169785290361158
4.3859380037082660
4.1154393208932625
3.9379596837572488
4.6150205233698429
6.2991857077094968
4.9549275762302560
7.0901005342371217
5.1232878963498969
5.0118724969257604
5.3979899166745868
4.3904294211396087
4.8190992083647064
7.3288937883698786
2.7433332246156876
5.9518594248092080
2.0127078873754658
5.6718732013571582
4.6346751206565759
2.6293107635478439
3.1788161559627115
4.8390602185900100
5.7932016003140081
5.3735119611988571
2.9444917282289893
3.6401877743370066
7.0321606052265837
2.7819358999934667
3.7341353619483897
3.6075511287768642
5.1537384581091645
5.6062171638023841
6.2290403685704465
1.6427520847641492
3.9196215496248970
3.3095558481780327
4.5366157726017073
4.6959954436054483
3.9663024522329002
4.2544159519725060
6.5183722069515326
2.9786349812433568
3.5981950903068936
3.8245830597616646
6.1717839385208162
5.1295100897113306
4.6887184867363532
3.3317718375015906
6.1763725883368545
5.8736436450962000
3.3248969016648111
6.1297558910240415
3.1021048567780887
6.9341819315036757
4.4029390481786139
2.0630059511053531
4.9714254538400064
6.0929026438380287
6.7990025589108845
5.1863949003363441
4.7706982146925450
4.1040215597393424
4.2319958544913137
7.4842969539499791
2.9677605290879905
6.3747038197229653
6.0969377915357805
4.1324059303020544
3.1519853259695796
3.6812466481441466
3.6150582492183259
5.0629037236815684
4.2502633745397462
3.8699282146205589
2.8713223929938074
6.5706102571922367
3.6375110247427500
5.3794813844873159
2.7011418465762431
7.5829193915038351
4.9754674191222783
3.4066249831290905
7.6625924739722482
7.5994376949237221
4.8559284665271001
4.4260310076946219
4.4204588222654193
3.3361826661435887
3.0826962804954019
2.5749406597718396
2.2757006119270407
5.2925357682581486
3.2887586452798230
5.6888222777179385
6.1186791404266074
2.0804759561142809
6.0877894512756905
3.4308472937651291
2.1102766476615109
4.2540018375904909
3.6819494230876284
3.8092288415510582
3.7967672412286619
4.4360147329014268
3.5554985150603673
4.6321525346860097
3.7490935175542108
6.2370559057975701
5.4741127284854221
2.9625324871057082
4.0261361949925822
2.2626999242924390
6.6640583880544684
4.4252002280710157
3.5342996102643571
4.2429790618749088
6.7523564112204646
2.2658827428851529
5.3413484766006523
3.0340532612280882
3.0084355727517322
2.6680588611783240
3.9830848992014798
6.4367227195839201
4.1511542951988050
4.3661722343975500
5.6443355008429279
5.4995766481009456
6.2192017250255365
4.5128800707459531
2.3988680275695202
3.4612754908771608
2.0755218211502795
4.2354099223147461
5.0563914147657423
3.3341363056904978
5.7741470892856004
2.8178390934559308
6.2818821154798830
6.3152917557677171
5.1324538543120459
4.7007873936708942
5.5339716959522161
3.7058389179213571
2.8054603434444707
5.2290192578548078
2.7437887016304683
4.3766573567789440
8.7469128759605113
2.4664775283730189
2.2596869290270858
5.5379242171797083
5.5291627563791792
5.6176132881298484
5.3760129433074493
5.0895759683089832
3.4999810049320392
5.2448220047347478
4.4004944794790593
3.3797909362751661
4.1675738125419466
3.5954750776256108
3.8475533232005130
6.5342534636781124
2.8375020351113722
5.6900710951077018
5.2815815954167578
5.0104613670863021
4.1442084272078281
4.7408623460711459
6.3739233158536646
2.4696741997847682
3.4879312940190088
2.3008004436605645
3.7509236668535983
5.8997947011300296
6.9830131543835812
4.4691430996525492
4.7136184397946952
2.3093353563103824
6.5453080041315657
5.5263722344550734
3.7625784048196871
4.6352585349452111
7.7977426784455046
2.9181150695276741
3.3088549097080420
6.3598945635701929
3.1501387546995616
7.1134169972995327
4.7123548871669536
3.0657434862769195
2.3209302785136225
3.1126306535528250
4.4413947900077675
4.3398984233679574
5.2455989005325421
4.4624282540813676
4.1161577308829482
3.7292385364125211
5.3736998210409963
6.7470316602833433
3.3023429277851184
4.3196263452984969
4.2153040531469967
4.5931445242588973
6.4862693157910174
5.1996533029118934
3.3554535186087642
3.1260754205564152
3.7693425483766001
3.7101560307115768
4.1037630887082877
2.4154874734472647
6.1964393996414557
4.3665031611229796
4.8717150739921626
5.0363259391160060
5.0186602702707139
4.0587715496355843
4.1619404671182512
4.4252387140604004
3.8803634666609503
6.7408168024055470
5.0186497063845534
4.6906576157912623
3.5498625214125292
5.4020172021846742
5.7450143313644579
5.0134010248907614
4.1663618972345819
3.5506482806997473
3.0960757207039316
3.3762357314139377
6.4573476769814198
6.8175609077280654
5.4470263592980492
3.6064617292328185
2.9155502769572164
6.2691638106291308
6.7592599821299064
5.6799776426174162
4.6981704385597087
5.2742501338136538
3.0011055835630889
5.0205264326955827
1.7043342825865144
5.7528278093986387
2.6717081427843792
3.9653959953985614
4.1162702020302273
6.7211666418587841
6.5710279218053733
5.6509339213363958
4.6747206127690326
2.9349854662847537
3.7199599306350151
3.7596501012009300
6.2903527536642256
4.4908242780464160
4.8207005787290838
5.7942401181325867
5.9935696324128962
3.4312354967077159
5.7852520010407069
2.9935613439463387
4.0454853678108345
4.3064440785035325
6.1953188178016907
3.4011299500829004
4.7260460446339820
4.6729757862553765
4.2732900533822749
2.4638108780250123
5.4891998387120964
2.2000131557634499
5.1717073903847002
3.9407494304316106
4.9471971002792428
2.8457218427270163
3.1238666946107747
3.9532429551286357
5.2990365212211561
2.3263603204993948
3.8216319508722751
5.8326661322955387
5.6374921817509840
6.0459000486923129
2.9337253893612258
4.5498891134439958
5.1473077755176035
4.7167674051169168
5.5563453044447373
3.6188152117111363
4.1134964466533788
2.1209491252891088
4.5297506022335563
5.8369353287117747
5.1012236060207679
4.1033100795326627
5.4404157945934157
3.7888688943473059
3.5848969578315537
3.5183251178570756
5.3604548268434442
7.1804555601371565
2.8896277446423739
2.2342073052980869
4.2299472589729294
7.5333693230267702
5.2552576078935100
4.0863918688664196
2.6781723891812899
4.4691540045302123
1.0719246484179465
4.3864912388044157
3.7769691995875800
6.0820832207847575
7.8168383308023532
3.7812118113110635
7.6176268587525797
3.1312146841501325
5.3541811759165796
3.8054208609082911
2.9216939331306531
5.6349456510622176
5.6542962750653416
4.4496421592215416
3.7681136901512060
6.1063221430942196
4.4158077299315321
4.4259720717619508
5.9241830081867128
3.9459492119161119
6.7118353416878600
5.2245385196820839
4.5415756560578497
3.8570068083459192
4.8515952819094261
4.2005553454873059
3.5635542084334340
3.9666858436726957
3.1536186205804562
4.2124093397111935
5.8213859922811206
5.6351794002206681
5.0177820663183867
3.5289881852271217
3.1599794162413573
4.8993573663786023
3.8110229582172361
5.3918531697746133
5.3842090238244857
5.2221559100161086
3.0482615180214689
4.8672496687736357
3.1614139061841460
5.9109218006810709
1.5548559062938585
3.1243071951067360
3.4592426721703124
4.7933086896460058
4.0446185740422704
5.0469538145888500
6.2010934640714206
4.5710106855919701
1.9164793793405606
4.4917590765788997
5.9166161444656398
5.1618777563432676
3.8895541959216895
5.0017502027038452
2.8234196949775647
7.6456925086132923
6.5129849385931671
3.0532761266310282
1.7089917128376479
4.7282970365198622
4.5554423913630426
4.0977484070416779
3.1306398389729999
5.5221289032121463
6.3699221907440480
2.4520382302038568
3.8315056863150438
2.6943946759910826
5.0418815568871054
3.4137128906248670
5.5027806212732120
6.9545876202174357
5.0306194800307802
4.7459127287368705
7.2319798261294270
3.9987107022721817
5.7742545350564454
5.4136079193526250
4.5069439927371873
5.4686013834695704
5.3254850839487826
5.2575753504856699
6.4634442881800851
4.5561877209672463
3.6878473829394069
4.0938850779821925
4.9371485173656460
3.3549722560170814
4.4461223516610762
2.8768248701723538
4.4457177076312240
3.6364651856671939
4.2008378668489552
8.3496910524794732
2.6043685280988655
3.1634534823864704
3.4126446076740482
4.8311626610840595
5.9154096511819052
4.7449979622929899
4.4693388097395701
5.0311511540919929
3.9929960072268171
3.5277344921980314
7.3091343705381986
5.3603896956779202
5.0356488247164366
3.0941315204212954
2.5284164824641091
3.2488180526679828
4.3550012743033584
3.9113758810382753
6.0782572334212661
3.8046471340435772
4.0579340365263983
3.6593837592923673
3.6401440364893936
3.8024814527204205
5.7872198107749684
4.5022365731865204
3.6062890491953907
2.4260218851068305
4.7243069788210921
4.3039342001504304
5.0863974770198066
2.2941823619311119
4.7863228444032853
3.1258374660076935
1.5432759361753232
4.4952469341549364
4.9699194695860323
6.1869380483929968
5.0228474238867502
6.0681517502516220
5.3355115295503346
4.3952889534714714
5.3398879961699395
5.5733453913665141
4.1585760305857029
4.9806625827496669
5.8676946564566999
6.0418992389924258
3.0126493442730560
3.9031200019764221
2.7171393348610469
2.8085771168939022
4.0315727312855500
3.6503255529241687
4.3561526067866350
4.3103458075405765
2.7589343642029660
3.9332927434653557
3.9223539954523305
5.2771540136224155
5.7705557653534729
4.0783915529653942
3.7679126062805350
4.7272685871228441
3.8458779742178000
2.8346840074743698
3.6790767633405927
5.4761977704271887
4.5007623423097192
4.0238529440059718
5.4152097892008308
5.4505577634264402
3.3620914424724910
2.3815752940277419
2.3747997932330982
4.0366609318041080
5.5031394142281709
4.6761898931284893
3.0490768041258107
3.7138480755684027
6.9918094606348582
4.5702007966253380
5.1416668000210528
3.7899929290019170
5.4786594145506058
4.1461465134954016
3.6273881212983201
3.8966756122733601
4.1333527569068194
3.6525430795128839
4.6506230169331388
5.5336216064858679
4.1797621802130376
5.4969093748667248
4.4584776840999405
5.2524392777487439
4.5333711555904186
6.5776199786007856
2.6437346431303372
3.8799091248670194
8.2906323450073405
5.7248979045088504
2.8615938709902262
4.7460030124725820
8.2032859900048969
2.2467310724935348
4.2328922449313326
5.5442135674057900
5.2454359910992121
5.8198376073910092
4.8132489086587711
2.7819496417266669
5.2047628624880513
4.3007775625282267
3.8203552563230079
6.4977046199269362
3.5652415057759379
3.6944136667462684
5.2099280866899802
4.5083855152066494
4.0476821739043238
3.7948033043327620
4.6330140034618923
4.3313012196037377
6.3630187975547239
4.5023341284099336
2.2572483500361757
3.4235181194124764
4.7324402284896649
4.0538600558906142
6.3948975315577385
5.5427092548754384
2.4597351490582828
5.5935865322191267
4.5378581897973325
3.3506516982763719
4.4214340272016930
3.8461538158996169
3.0554445118020497
4.0216462878737342
4.2286874469963038
3.9359607001076311
4.3173919187269734
5.8279182186463814
3.5448508036588415
5.2156713337614153
5.6077687610046381
6.7347219229523532
3.0798086365260877
3.6370115784406374
6.5976666627031859
2.8914427295716485
3.2675646087670320
5.4946191010453820
5.6929525793353877
3.2963884993828176
6.0506844762071443
5.5739595704807865
4.6153980823270917
2.9333298036886117
3.7574171927605060
4.8775888139309735
5.5335309097620122
3.2880506076286045
4.9352928539929035
2.9285903625058332
4.4350989815184914
4.4665928455508990
4.4272877429551176
4.8160944349704389
6.9058677175178689
6.0547639815277456
4.7570398025982614
6.9868368408252479
4.9748831486664606
7.2926761727703120
4.4170482085428748
6.2446441098924268
4.2937475284138396
5.0032702386841024
3.1498970373191217
4.2330960670592050
2.9809198731538720
5.3410220748308763
4.7755196466229126
4.3562599399782513
6.8118620510751029
2.9086637663496182
5.3604192055336108
3.0005199851501843
5.2230573947685022
4.9424331766627754
5.1107511810034367
5.6549920898722412
3.1162584262696926
6.1954409737390739
4.1998330444782841
3.6883203671092430
5.6744942327609769
3.7417609209399041
5.9779271484295524
6.6866978517127009
2.6962543232117127
6.7105821176226490
5.1495503132235001
5.8527688087809446
2.4146913413860962
4.6355155953382834
4.5293090819943673
5.5115152834763075
3.7635563924143058
5.2345560162859881
5.0044045089374185
2.8702022922088486
2.6143997831421473
2.5876017030199900
3.7621624069400710
5.6142758918436382
3.8755582720646857
7.1134927748234844
5.5493357883948544
3.4131294772695044
2.4648169158580111
5.7893438925508232
3.2540499271747581
3.5264666612425777
3.0524739118632840
1.9608203851136410
4.8791390538686450
6.9691519606940036
3.7251349112302359
4.2545657250873177
3.1220298891998111
4.8790069091950254
4.8135460833399559
4.3515793750316005
5.0205334753470483
2.6530327013420094
3.7463820176137848
3.7780307114800209
2.5323734381638641
4.3773790204081893
6.5811735658660471
3.7193031897503843
3.8046703049369550
4.4423382513555971
1.9208145423722240
1.2850559840633338
5.2920589918111256
5.3110261218448773
3.9227375106135400
3.8462769645075094
5.2227762746773907
4.4558661155080772
4.6831406921175995
4.3073873917338341
5.4212688475303219
6.1960637582734872
4.4330936493794377
3.1980184201905302
5.1583116115932679
5.5062487209402047
3.0340139449685526
5.2481830391973467
4.2595530608171819
5.2890621119177501
4.6915046886822376
4.1050509410721094
5.3966073362434672
4.5209287742570909
4.3093653907105560
4.3639873353356018
7.6018833720488974
5.2122507692409661
3.5966697271751262
5.2268789420289608
6.2702557878727161
4.2346647196665099
2.3776005473150086
2.9466459649312280
1.8135557412231031
3.6607522750423103
2.5751304419390939
5.8024986983873568
3.9447076150342615
3.7781669817750032
4.9622368157128927
4.3567885735004044
5.6472397358345532
3.8780584143496313
4.5064512692565417
3.0074393078079003
5.1704156397082350
3.9551830010267430
5.1673332372803964
5.1211067342313319
3.4650914177765624
2.9597087089173995
6.7003695567062085
2.6167576545554798
6.1600783255967979
3.4974876086127971
3.7077919869067024
4.4146812317941233
3.9314310934067005
4.7071889303590817
6.1524499362901253
3.8771515077051673
4.9687740345789990
3.7874125324458507
3.5266615884941270
3.8671539540617834
3.0747110246024207
4.3246744832566009
4.0932695526343297
5.3456359668446520
7.3895247477646766
5.5050357600417454
4.9398903445698643
4.0641519651331199
6.9577409221728992
2.9837387098955079
3.4188192843547753
5.0807087044816059
2.8375928008281734
4.0014439267614437
6.4636204577477860
5.0447056962851811
2.4696044543818774
4.3181485625808831
3.1979875443068360
7.0488683497709950
4.5732542795920104
3.6205075165006781
3.6723609606178100
6.1512651755775982
5.2457407442478319
6.1546589623913341
4.4520720224681920
7.0849522349465506
4.5583750991472494
2.8585850182076009
5.1660003095673428
3.2352135387802083
3.6483688067090143
2.3520514053930177
4.5162620046799020
4.3387254635285810
3.7360914976485287
7.2516483920046007
4.4396999871267742
3.8583564560808195
4.3290716124533706
4.5732565970600012
5.4551246709554846
4.8782482310237194
4.1627649126179449
4.4480369793321639
4.0012986088497193
3.4157197242835324
5.1742933338791648
5.2510671920123473
4.3770366505649365
4.5285020034985743
8.4866987692415545
3.9284254029844212
7.7516197171416543
4.2400328562846337
3.1371261607944518
6.1392534405016637
3.8084087515189586
4.3642316260468990
4.5725493961314045
4.4725467234167100
5.2542513007052181
2.3829634894550678
4.8036375846516286
4.5555048948682542
2.9264193557936631
2.8213336947307117
4.3161733927551289
6.8728149330833688
4.3241398749266242
3.5680129051839655
4.7718937860218364
3.7418119255750106
1.5733182695237942
6.8543572271853934
3.2777797428939235
5.2828536231658942
3.6642452382476582
4.9215431020843425
6.9910514942797004
7.0052518799628434
3.1633819079377590
3.3569984512400581
4.6426617699770159
4.9686740129824614
3.4144575806265500
5.3580260245239000
6.1407366497644880
3.2973631786587827
2.1377605584257884
3.1066790057071092
2.6349024215238432
4.8151116294133063
3.4271463324274478
3.8293391833062769
5.3590890358665932
5.2671320980082434
8.6355892182120009
4.4876810847373951
6.4532391724116787
3.6183759249242828
3.2265981006406319
3.7847912021091070
5.2168719020399363
5.1711774491235563
2.4318880136077707
4.2109177157561808
5.4242412854921929
5.8278313897944205
4.1438004141507268
4.1819500844387747
6.3216819770177830
5.0359225918612296
7.0344930392473382
4.0591209213258042
4.6149862387823530
6.8872552679952959
4.9588139955322292
4.3848742644910379
5.6529728149342420
3.2475934761567391
4.5436708918289632
3.3656310338960207
4.7299796332099273
5.0875073675728864
5.2010294048866017
2.5904969179032888
3.7429889227130846
4.1912564468677935
3.2495950724871134
4.0707855948327474
4.4635020584562710
6.9585594023546467
3.4675603157303243
4.3382427598045883
3.2715375288809256
6.3386968389514182
2.8903628447549718
2.7734642189371801
3.6366457069253495
5.5820055685546164
3.4055586057388676
3.0312236270962689
2.5846244001749565
7.3110390642511209
3.2296483219715477
2.9369858678407579
5.8780370484751749
5.5263341881030144
6.5588000019887183
2.6028248003017720
5.5004568799036271
3.4387386610115613
4.4066850955335140
3.7928805421752907
5.4085095580560614
5.2879801383681544
4.0761700623319035
3.2179244329390864
5.8256257861233296
3.9163944297134976
4.0261307569036813
4.3482081032637678
3.6820001149661796
4.1284681806609216
3.9585023744643788
3.2756613024638224
4.3322639501353652
4.3986357288534723
5.7928722290403574
2.5013890286610687
2.2539409706393068
5.1096957084552095
6.3924394190336562
3.8996560307848798
3.8236185374342484
4.3872920587506687
3.6128402987035138
5.5883933366575587
2.3040915916295721
6.6978997560694040
4.4339069899529981
3.9570853785178737
5.7128547197907062
4.5682415128895357
4.2563838471649351
3.6081136539087169
6.8625604190028495
3.7929028814998693
5.8377403265518621
3.8897390130054417
4.6475857754890617
5.6536003638654933
4.5506420184667080
2.5559913461107011
5.4534907531500476
4.0124506025082605
8.1721482311428595
6.4254946918138778
4.2047295971984093
7.0131845157860253
4.4522383323006327
4.4084550587224207
6.0151157815367817
3.6697134933187181
5.5688191624911019
6.2479535385162794
6.1617132697540384
4.8795080960025521
4.9474657509130342
4.7150723521632756
2.7888559299657398
3.9458724853643452
3.5428294625291947
3.0106718057719410
4.9494963954402547
4.2174247657998150
6.2734836701288819
4.6675414720648600
3.8219088364848304
5.8793013065670277
4.3727473417559732
3.8098611794019037
3.1997234785980302
5.2450232222453561
5.0637123884946034
4.9964221596713339
3.5344762880981477
4.4169968719113788
6.6658047319769143
3.7915022016735533
3.2620205883214162
4.3176641850348272
5.7644809999966640
5.2802969500069796
4.8697909079691337
4.3747071735562759
4.3950196025064248
3.2261696068643655
3.0088255344627877
5.2106594233069137
5.2228320632244385
5.8160636961913346
4.4406975755231430
5.4052377287285687
4.5677801786405139
5.3184964574184965
3.7328396418078156
4.6510417423314649
4.1437924173152210
3.4372182366192137
4.3314758005037266
4.2684954218534266
3.7281873807690769
4.4039991365830833
3.9214797747454000
5.5690391910437986
4.5486629785069281
3.8880656579110244
3.0129128790962993
1.8556701632923418
4.9792644598588964
2.0790708490461256
5.6869353738212860
4.8446961286249381
1.1544122440145248
5.8787225850945193
4.1439255199874436
3.8973553930980573
1.9280334733245326
4.7654263056580586
3.0783242320128239
3.8244479844576560
1.7193128535819673
5.5923168421445082
1.8057964012108816
9.5951889840894289
3.2965487590369675
6.3787452519372598
4.9155631787767025
4.7707960950996826
4.3180131882214914
3.3826627211667826
2.9446831400910036
5.5652267218716966
5.6689325982332592
5.0492153391267474
3.2754290340040026
4.9577635173287629
3.8196612156672374
3.3610307341149768
7.6746865587392623
5.7567728684836696
3.7222454192047207
4.7440179022681681
1.6390797723813542
4.1006357895471286
2.6118325999523786
4.0987217787316750
3.6719986455224003
3.6225447559895323
2.6758608135321098
4.1685911976717085
4.2155560176839595
6.1288474158336621
6.5322187310121427
3.9108904922889867
4.9014626881207910
3.9309282646170205
4.7808252047280995
4.8209885321327510
3.6775599538561150
4.4351022588693647
4.6909057896883013
4.2622680144242464
4.6727038232686136
6.3546058725755650
5.7394337291991011
4.1248392872503326
4.8880316482148816
3.8964211087803462
5.6846542665106723
2.7581304069294870
2.7420288844988381
3.8153491655032061
3.9606575089139389
5.2048853749081401
5.4667758542485254
6.6459759062887871
7.5671371124577869
7.1791862981423868
3.0258626925272640
4.3425505132910036
6.7389194203424969
3.5126230847697255
1.7741479843652208
4.5867665616717730
5.4298399693825230
3.1191951825470525
4.4283259674271251
2.6574560050892333
7.9911710263542135
4.1756628992051317
4.7150736507202451
2.7252397498183090
4.9094772668326119
4.4512039301967290
4.3402077274618707
3.7574775281200976
5.6001534298842062
3.8068558762446898
3.5532907445181281
6.2528688126754091
4.8235048120720094
7.3667335417139004
1.7595440097780897
4.7388953778270926
2.1726999651833232
3.4445082429408336
5.9638637851938094
3.1963762235137287
4.5588573663123659
6.6591139359236582
2.6517694647207537
5.6636901526801369
3.1644410241296805
5.9417210241810787
4.0704037463881813
3.3266703784380032
4.6993837178527604
4.7988051404514884
3.3316255848662810
5.6984835988794966
3.8050938652442041
4.3271926490825354
5.2928587292712024
